0
4
5
6
6
6
7
8
11
12
13
13
13
13
13
13
13
14
16
17
17
18
19
19
19
20
21
22
22
22
23
23
24
24
24
25
27
27
27
28
28
29
29
32
32
33
33
34
34
35
35
37
37
38
39
40
40
40
42
43
44
44
46
46
47
48
49
50
51
54
54
55
56
57
57
57
57
58
59
60
60
61
62
62
62
64
65
66
68
69
71
71
71
72
72
73
73
75
75
75
76
77
77
78
78
80
80
80
81
81
83
83
83
84
85
85
86
87
87
88
88
90
90
91
92
94
95
96
96
96
96
97
104
105
106
106
106
107
107
107
109
110
112
115
116
117
117
118
120
120
120
121
122
125
125
127
128
129
129
131
134
134
135
135
138
138
138
138
139
139
140
141
142
143
143
144
144
145
146
147
148
148
149
149
151
151
151
151
154
155
156
156
156
156
156
157
158
158
158
160
161
162
162
163
164
165
166
166
167
171
173
174
174
175
175
176
176
180
183
184
185
187
187
189
189
189
191
192
195
195
197
198
198
198
199
200
200
201
202
203
207
208
208
210
211
212
213
214
214
216
218
218
219
220
220
220
223
224
226
226
228
228
230
231
232
233
233
233
234
235
235
236
236
237
237
238
243
243
244
246
246
247
247
248
249
249
250
252
252
252
253
256
256
256
257
260
264
264
265
265
266
266
266
270
271
271
273
273
274
275
276
277
281
282
287
287
287
289
292
292
293
294
295
296
296
297
300
301
302
303
303
304
304
308
309
310
311
311
311
311
312
313
314
314
314
316
316
317
318
318
319
319
319
322
325
327
327
330
331
331
333
333
338
338
340
340
340
341
343
343
344
347
349
350
352
353
353
353
354
357
358
359
362
362
362
363
363
370
372
372
373
374
374
375
377
377
377
378
379
379
379
379
379
379
382
384
384
385
385
385
387
387
388
389
391
391
392
393
394
396
397
398
399
400
401
401
404
404
404
404
405
405
405
409
409
409
410
410
413
415
416
417
418
419
419
420
421
424
425
425
425
426
428
428
429
430
431
432
432
433
433
435
435
436
440
440
441
442
443
444
445
446
447
449
451
451
452
452
453
455
457
464
469
469
471
472
474
476
477
477
478
479
479
480
486
488
489
490
490
491
491
492
495
496
497
497
498
499
500
502
502
504
504
504
506
506
506
506
507
507
508
509
509
511
512
513
513
514
515
515
515
515
516
516
521
521
522
522
523
524
525
525
527
529
530
531
532
532
532
532
533
533
534
534
535
536
540
540
544
545
545
546
546
548
549
550
550
550
552
553
553
555
558
558
559
560
560
560
561
561
562
565
565
567
569
570
571
571
571
571
572
573
573
575
576
577
577
578
579
580
581
582
583
583
583
586
586
586
587
588
589
589
591
591
591
592
593
596
597
597
598
599
599
600
601
603
603
607
609
609
609
609
611
612
612
612
613
613
613
614
614
614
616
616
616
616
616
617
617
618
619
620
620
620
620
621
622
622
623
623
624
624
628
634
635
636
637
638
638
638
641
641
642
643
643
644
644
645
646
649
649
650
653
655
659
659
660
661
664
665
666
667
669
670
671
671
672
674
676
677
678
680
680
680
680
681
681
681
682
682
684
684
685
686
687
687
689
690
691
692
692
692
693
693
693
695
695
696
697
698
698
701
701
701
703
704
704
705
705
706
707
707
707
707
708
708
709
710
710
712
712
714
717
717
718
718
722
722
722
722
723
723
725
726
726
726
727
727
727
728
730
730
739
739
740
743
744
745
746
747
747
748
748
750
750
751
752
753
753
755
755
755
758
758
759
761
762
764
765
765
767
767
768
768
769
772
772
773
774
774
775
776
776
776
778
778
778
781
782
782
783
786
787
788
788
790
791
793
795
796
800
800
801
801
801
802
802
802
803
806
808
812
814
817
817
818
819
819
821
822
823
825
826
826
826
827
827
828
830
830
830
831
832
832
833
833
834
834
835
835
836
836
837
838
839
839
840
841
843
844
844
845
847
848
848
848
849
849
851
852
852
853
854
857
857
857
857
860
860
860
860
861
862
863
864
865
868
869
873
874
874
874
875
876
876
877
877
878
880
881
884
885
886
886
888
897
897
900
900
901
901
903
906
906
906
907
908
908
910
911
911
911
913
917
918
918
919
921
921
922
924
924
929
929
931
932
934
934
935
935
937
938
939
939
940
940
940
942
945
946
946
947
948
949
950
950
952
953
954
954
955
956
957
957
959
962
963
964
964
964
967
968
968
970
970
971
971
973
974
975
976
976
977
978
978
978
979
979
980
980
980
981
981
982
982
982
983
983
984
985
986
987
988
990
995
995
996
996
997
997
999
999
999
1004
1005
1005
1005
1006
1006
1007
1007
1008
1008
1009
1010
1010
1011
1012
1012
1013
1014
1014
1016
1017
1017
1017
1018
1018
1019
1019
1019
1019
1020
1021
1021
1024
1024
1026
1027
1028
1028
1028
1030
1033
1033
1034
1034
1035
1036
1037
1038
1038
1038
1040
1041
1041
1041
1041
1042
1042
1043
1050
1050
1051
1052
1053
1053
1053
1055
1056
1056
1059
1059
1059
1060
1060
1060
1060
1061
1061
1061
1061
1065
1065
1066
1067
1068
1069
1069
1069
1069
1069
1071
1073
1073
1075
1075
1076
1078
1078
1080
1081
1082
1084
1085
1085
1085
1085
1085
1091
1091
1092
1092
1092
1094
1095
1096
1096
1097
1098
1101
1102
1105
1108
1108
1108
1108
1109
1112
1112
1113
1113
1114
1116
1116
1121
1121
1121
1122
1125
1127
1128
1129
1131
1131
1134
1135
1136
1136
1137
1138
1139
1139
1140
1140
1141
1142
1144
1146
1146
1147
1147
1148
1149
1149
1149
1150
1150
1151
1151
1153
1155
1156
1156
1157
1157
1158
1158
1158
1160
1161
1162
1162
1163
1163
1164
1164
1164
1165
1165
1165
1165
1166
1166
1170
1170
1171
1172
1172
1173
1174
1175
1175
1175
1175
1176
1179
1181
1182
1183
1183
1183
1184
1184
1184
1185
1188
1190
1190
1190
1192
1192
1192
1192
1194
1196
1196
1197
1202
1202
1203
1203
1203
1205
1206
1207
1207
1208
1208
1209
1210
1211
1213
1216
1217
1218
1223
1223
1223
1224
1224
1226
1227
1229
1233
1235
1235
1235
1236
1237
1237
1240
1241
1244
1246
1246
1246
1246
1248
1249
1253
1254
1254
1256
1256
1256
1257
1257
1258
1259
1259
1260
1262
1262
1263
1265
1267
1270
1272
1272
1273
1274
1274
1274
1274
1274
1275
1277
1278
1280
1280
1281
1282
1282
1283
1283
1284
1286
1287
1288
1289
1289
1292
1294
1295
1295
1297
1298
1301
1303
1303
1303
1305
1305
1306
1307
1308
1308
1309
1311
1311
1311
1313
1313
1315
1315
1316
1316
1316
1316
1317
1320
1321
1323
1324
1324
1325
1328
1329
1330
1330
1330
1332
1335
1335
1335
1337
1338
1338
1338
1339
1341
1341
1342
1342
1343
1344
1344
1344
1345
1345
1345
1346
1349
1352
1354
1355
1355
1356
1358
1358
1359
1360
1360
1363
1365
1365
1366
1366
1378
1380
1380
1380
1381
1385
1385
1385
1392
1393
1394
1394
1395
1395
1396
1396
1398
1398
1398
1400
1402
1404
1405
1407
1407
1412
1412
1412
1413
1413
1414
1417
1417
1418
1419
1421
1423
1424
1425
1426
1426
1429
1432
1433
1434
1434
1434
1435
1435
1438
1438
1440
1443
1444
1446
1447
1449
1450
1450
1455
1456
1457
1458
1458
1461
1464
1464
1464
1466
1466
1469
1469
1469
1469
1469
1469
1470
1471
1473
1476
1476
1478
1478
1485
1486
1487
1487
1489
1489
1491
1491
1493
1494
1497
1497
1497
1498
1498
1498
1499
1499
1500
1501
1502
1502
1502
1504
1505
1506
1506
1509
1510
1511
1511
1512
1513
1514
1515
1516
1521
1522
1522
1524
1524
1525
1527
1528
1528
1529
1531
1531
1531
1532
1533
1534
1535
1536
1537
1537
1538
1538
1540
1542
1543
1543
1544
1545
1547
1550
1554
1554
1554
1556
1556
1557
1561
1561
1561
1562
1562
1563
1564
1565
1566
1567
1568
1570
1571
1573
1573
1573
1573
1574
1575
1577
1577
1578
1579
1580
1581
1583
1584
1584
1585
1586
1587
1588
1589
1589
1589
1589
1590
1594
1596
1598
1599
1599
1599
1600
1600
1600
1603
1603
1607
1608
1608
1611
1614
1615
1616
1617
1617
1618
1619
1620
1621
1622
1624
1626
1626
1627
1627
1631
1631
1633
1633
1634
1634
1635
1636
1636
1636
1637
1638
1638
1638
1639
1640
1641
1641
1641
1642
1644
1645
1646
1647
1647
1648
1648
1649
1650
1652
1653
1653
1653
1654
1655
1656
1656
1657
1658
1659
1661
1663
1663
1664
1664
1664
1664
1665
1667
1667
1668
1669
1669
1669
1671
1671
1672
1675
1676
1677
1678
1679
1680
1681
1684
1684
1684
1685
1687
1688
1688
1689
1689
1690
1691
1691
1692
1692
1693
1694
1695
1696
1698
1698
1698
1699
1701
1702
1704
1705
1705
1706
1706
1709
1711
1711
1711
1713
1714
1715
1715
1716
1718
1718
1719
1719
1720
1721
1722
1723
1726
1728
1730
1731
1732
1733
1734
1734
1735
1735
1737
1738
1740
1741
1742
1744
1745
1745
1746
1748
1748
1748
1749
1750
1750
1751
1751
1752
1752
1753
1754
1755
1756
1756
1758
1758
1759
1760
1764
1766
1766
1767
1768
1769
1770
1770
1771
1772
1774
1775
1776
1776
1776
1777
1780
1781
1783
1783
1787
1787
1789
1790
1791
1791
1792
1793
1793
1797
1797
1801
1801
1802
1802
1804
1805
1805
1806
1806
1806
1807
1807
1808
1808
1809
1809
1810
1810
1813
1813
1813
1813
1815
1816
1816
1816
1820
1820
1820
1821
1821
1822
1823
1824
1825
1825
1825
1828
1828
1829
1829
1830
1831
1832
1833
1834
1836
1837
1840
1840
1840
1846
1847
1849
1850
1850
1851
1852
1852
1853
1853
1854
1856
1858
1858
1860
1861
1862
1862
1862
1863
1865
1865
1866
1867
1867
1868
1873
1873
1873
1874
1874
1874
1875
1877
1877
1878
1878
1882
1882
1883
1883
1884
1885
1887
1888
1888
1889
1889
1890
1890
1891
1892
1892
1893
1894
1894
1894
1898
1898
1898
1898
1899
1900
1902
1903
1906
1908
1909
1909
1910
1910
1910
1910
1911
1912
1913
1913
1913
1915
1916
1917
1918
1920
1922
1922
1923
1923
1923
1923
1923
1926
1926
1930
1931
1932
1933
1934
1936
1936
1936
1937
1939
1939
1939
1940
1940
1941
1942
1944
1945
1947
1947
1948
1949
1950
1950
1953
1953
1954
1954
1955
1956
1956
1957
1958
1959
1962
1963
1964
1965
1966
1967
1968
1969
1970
1971
1971
1972
1973
1974
1974
1976
1976
1976
1978
1978
1979
1979
1979
1979
1980
1981
1981
1981
1983
1985
1985
1986
1987
1989
1991
1992
1993
1996
1997
1998
1999
2000
2001
2003
2004
2005
2006
2008
2008
2009
2009
2009
2010
2010
2011
2012
2012
2014
2016
2016
2017
2019
2019
2020
2021
2022
2024
2026
2027
2027
2031
2033
2034
2034
2034
2036
2038
2040
2040
2041
2041
2042
2043
2043
2044
2044
2046
2046
2050
2051
2051
2052
2053
2053
2054
2055
2055
2057
2059
2060
2060
2061
2061
2064
2064
2065
2066
2068
2068
2068
2069
2069
2070
2071
2073
2073
2074
2076
2077
2077
2079
2080
2084
2085
2086
2088
2089
2090
2091
2092
2092
2092
2092
2092
2094
2095
2095
2096
2097
2098
2101
2102
2102
2103
2103
2104
2104
2104
2105
2107
2107
2108
2108
2110
2115
2116
2117
2117
2119
2126
2126
2126
2127
2128
2128
2130
2131
2132
2133
2133
2135
2135
2136
2136
2138
2139
2139
2140
2140
2142
2142
2143
2143
2144
2146
2149
2150
2151
2152
2152
2152
2153
2154
2154
2158
2159
2159
2159
2159
2161
2161
2161
2162
2162
2162
2163
2163
2165
2166
2166
2168
2169
2169
2169
2170
2171
2172
2172
2172
2173
2173
2174
2175
2177
2177
2183
2183
2186
2188
2193
2193
2193
2193
2194
2194
2194
2195
2195
2195
2196
2197
2197
2197
2198
2200
2201
2201
2205
2207
2207
2212
2212
2213
2214
2215
2215
2216
2218
2218
2220
2222
2223
2224
2224
2225
2225
2225
2226
2228
2229
2229
2231
2232
2232
2232
2232
2233
2233
2235
2235
2235
2236
2236
2236
2237
2237
2237
2237
2239
2240
2241
2242
2242
2245
2245
2247
2248
2248
2248
2249
2250
2250
2250
2251
2251
2252
2252
2253
2256
2257
2259
2261
2263
2264
2264
2265
2265
2265
2267
2268
2270
2271
2271
2271
2272
2272
2273
2273
2274
2274
2275
2277
2277
2278
2278
2278
2282
2285
2285
2285
2285
2286
2288
2288
2288
2290
2291
2292
2292
2293
2296
2297
2298
2299
2301
2302
2303
2303
2303
2304
2309
2311
2314
2314
2315
2315
2315
2316
2317
2317
2319
2320
2321
2323
2325
2325
2326
2326
2326
2327
2333
2335
2336
2336
2339
2339
2341
2343
2343
2343
2344
2345
2345
2345
2345
2345
2346
2350
2351
2351
2353
2355
2356
2357
2359
2360
2360
2361
2363
2364
2364
2369
2369
2372
2374
2379
2380
2380
2380
2383
2388
2392
2393
2396
2397
2397
2398
2398
2400
2402
2403
2407
2407
2407
2408
2408
2409
2409
2410
2411
2412
2416
2416
2417
2418
2418
2418
2418
2422
2422
2423
2424
2424
2428
2428
2428
2430
2431
2432
2433
2433
2435
2435
2435
2438
2439
2440
2441
2441
2443
2443
2444
2444
2445
2446
2449
2450
2453
2457
2460
2461
2461
2463
2463
2466
2468
2472
2473
2477
2479
2480
2480
2481
2481
2482
2484
2486
2486
2486
2486
2487
2488
2492
2492
2494
2499
2500
2501
2502
2503
2503
2504
2505
2505
2506
2507
2509
2510
2511
2513
2514
2515
2515
2516
2517
2517
2518
2518
2519
2519
2519
2519
2520
2520
2521
2521
2523
2523
2524
2524
2526
2528
2528
2529
2532
2534
2535
2536
2538
2538
2539
2539
2540
2542
2542
2542
2542
2543
2543
2543
2547
2548
2550
2550
2551
2551
2555
2556
2556
2556
2557
2557
2557
2558
2558
2559
2559
2560
2561
2562
2562
2565
2566
2566
2569
2569
2569
2569
2570
2571
2572
2573
2574
2574
2575
2576
2576
2577
2577
2585
2585
2585
2586
2586
2587
2589
2590
2590
2590
2591
2594
2595
2596
2596
2600
2600
2601
2603
2605
2605
2608
2609
2610
2611
2611
2613
2613
2614
2616
2617
2618
2618
2618
2622
2624
2625
2625
2626
2626
2628
2629
2630
2631
2632
2632
2635
2635
2635
2635
2637
2638
2639
2639
2640
2642
2644
2648
2648
2650
2651
2652
2652
2652
2652
2653
2654
2655
2656
2656
2657
2658
2659
2660
2664
2664
2665
2666
2667
2667
2671
2671
2672
2672
2673
2674
2674
2675
2675
2675
2676
2677
2677
2678
2678
2681
2681
2681
2683
2683
2683
2684
2686
2687
2687
2688
2688
2689
2689
2689
2689
2691
2693
2694
2694
2695
2696
2697
2699
2700
2700
2702
2703
2705
2707
2709
2709
2709
2709
2710
2711
2712
2713
2716
2717
2718
2718
2719
2720
2721
2724
2725
2727
2728
2728
2729
2729
2732
2732
2732
2733
2734
2734
2735
2736
2738
2738
2738
2740
2741
2741
2741
2742
2744
2744
2746
2752
2753
2756
2757
2757
2757
2758
2759
2759
2762
2763
2768
2768
2768
2769
2774
2775
2776
2777
2778
2779
2779
2780
2781
2782
2782
2782
2784
2784
2785
2786
2787
2787
2787
2787
2788
2788
2792
2792
2797
2797
2798
2799
2799
2804
2805
2809
2810
2810
2811
2814
2814
2815
2817
2817
2818
2819
2819
2821
2821
2821
2822
2823
2823
2823
2825
2826
2826
2826
2827
2827
2827
2829
2830
2831
2831
2832
2832
2833
2834
2836
2836
2837
2838
2838
2838
2839
2839
2840
2840
2840
2842
2844
2844
2846
2846
2847
2847
2848
2849
2849
2854
2855
2855
2858
2860
2860
2860
2860
2861
2866
2867
2872
2875
2876
2878
2879
2880
2880
2881
2881
2881
2882
2884
2886
2886
2888
2888
2890
2890
2891
2892
2892
2893
2894
2895
2896
2897
2899
2899
2899
2900
2902
2903
2903
2904
2904
2905
2906
2907
2908
2908
2908
2910
2911
2912
2913
2915
2916
2916
2918
2919
2920
2921
2921
2921
2921
2922
2922
2922
2923
2923
2923
2923
2926
2926
2926
2927
2927
2927
2929
2929
2929
2929
2931
2931
2932
2932
2933
2935
2935
2936
2937
2937
2938
2939
2940
2940
2941
2942
2942
2943
2943
2945
2945
2945
2946
2946
2947
2949
2950
2952
2956
2957
2957
2957
2959
2960
2961
2962
2962
2962
2962
2964
2964
2968
2971
2971
2972
2974
2974
2975
2975
2976
2976
2976
2976
2978
2979
2979
2980
2981
2982
2982
2984
2985
2988
2988
2989
2989
2989
2990
2990
2990
2991
2992
2994
2995
2999
2999
2999
3004
3004
3005
3006
3008
3009
3011
3012
3014
3014
3014
3014
3015
3018
3019
3020
3020
3022
3024
3026
3027
3027
3028
3028
3029
3029
3031
3031
3031
3032
3032
3033
3034
3035
3035
3039
3040
3044
3045
3047
3048
3048
3048
3049
3049
3049
3051
3052
3052
3052
3053
3053
3054
3054
3054
3054
3056
3056
3059
3060
3061
3062
3064
3066
3067
3067
3067
3069
3070
3071
3074
3074
3075
3075
3076
3076
3077
3077
3077
3078
3078
3079
3079
3080
3080
3081
3081
3082
3082
3085
3085
3086
3086
3088
3089
3090
3091
3093
3095
3095
3096
3099
3100
3101
3101
3102
3103
3103
3103
3103
3104
3104
3104
3104
3105
3105
3105
3106
3107
3109
3110
3111
3112
3112
3115
3117
3118
3125
3125
3126
3128
3128
3129
3130
3131
3131
3132
3133
3134
3136
3137
3139
3141
3142
3153
3154
3155
3156
3156
3157
3159
3159
3160
3160
3160
3160
3161
3161
3161
3162
3162
3162
3164
3167
3168
3169
3172
3173
3176
3176
3176
3176
3177
3181
3185
3185
3186
3187
3187
3188
3189
3190
3193
3194
3196
3196
3197
3200
3201
3202
3202
3204
3205
3205
3206
3207
3208
3208
3209
3209
3209
3210
3212
3214
3214
3215
3215
3215
3221
3223
3223
3224
3226
3226
3226
3226
3227
3227
3227
3228
3230
3231
3231
3231
3232
3233
3234
3236
3237
3238
3239
3240
3241
3244
3244
3244
3245
3245
3246
3246
3247
3248
3248
3248
3249
3249
3251
3252
3253
3253
3255
3259
3260
3260
3261
3261
3261
3262
3262
3264
3266
3266
3268
3269
3269
3269
3271
3272
3272
3272
3276
3276
3277
3277
3277
3278
3279
3279
3280
3280
3280
3281
3281
3282
3282
3283
3284
3284
3284
3285
3285
3285
3286
3288
3289
3289
3289
3290
3291
3291
3293
3294
3295
3295
3296
3297
3297
3299
3300
3301
3303
3304
3305
3305
3305
3308
3309
3309
3309
3310
3310
3311
3311
3311
3312
3314
3315
3315
3316
3316
3317
3318
3319
3320
3320
3320
3325
3327
3328
3329
3329
3330
3331
3331
3332
3333
3334
3335
3336
3336
3336
3338
3339
3340
3342
3342
3343
3343
3343
3344
3344
3346
3347
3348
3349
3350
3350
3351
3353
3355
3356
3358
3360
3361
3363
3365
3366
3366
3367
3368
3369
3370
3370
3371
3371
3371
3373
3373
3373
3374
3375
3376
3376
3377
3378
3379
3379
3379
3379
3379
3381
3381
3383
3384
3385
3385
3385
3385
3386
3387
3388
3388
3390
3390
3392
3393
3394
3394
3395
3397
3398
3399
3400
3403
3403
3404
3405
3407
3408
3408
3410
3410
3411
3411
3412
3412
3413
3413
3418
3419
3420
3420
3420
3421
3423
3423
3423
3425
3425
3426
3428
3429
3430
3431
3431
3432
3433
3437
3437
3438
3440
3441
3442
3442
3443
3445
3445
3447
3450
3450
3452
3453
3453
3454
3454
3454
3455
3456
3456
3458
3460
3460
3460
3464
3466
3466
3466
3468
3468
3469
3469
3471
3474
3474
3474
3475
3475
3478
3479
3479
3479
3481
3484
3485
3486
3486
3487
3487
3488
3489
3489
3489
3490
3491
3493
3494
3494
3496
3497
3497
3498
3499
3499
3499
3501
3502
3504
3504
3504
3504
3505
3506
3507
3508
3512
3515
3517
3518
3519
3519
3520
3521
3521
3524
3524
3526
3528
3529
3529
3529
3530
3530
3532
3532
3532
3534
3537
3538
3539
3540
3541
3541
3545
3546
3547
3547
3547
3548
3549
3549
3550
3550
3552
3553
3555
3557
3558
3558
3560
3563
3563
3564
3564
3564
3565
3565
3566
3567
3568
3569
3569
3570
3570
3571
3572
3573
3573
3575
3577
3577
3583
3586
3586
3586
3587
3587
3589
3591
3591
3591
3592
3596
3598
3602
3602
3604
3605
3605
3605
3607
3610
3613
3614
3615
3615
3618
3619
3621
3623
3623
3624
3626
3626
3627
3628
3629
3629
3630
3631
3633
3633
3635
3637
3637
3639
3641
3642
3645
3645
3645
3647
3647
3649
3649
3653
3655
3655
3655
3655
3657
3658
3659
3659
3660
3660
3662
3662
3664
3665
3666
3666
3666
3667
3667
3668
3669
3669
3670
3672
3672
3673
3673
3674
3674
3676
3677
3677
3677
3677
3677
3679
3679
3680
3680
3682
3682
3682
3684
3684
3685
3686
3686
3687
3687
3688
3689
3689
3689
3689
3690
3692
3693
3696
3696
3696
3698
3699
3700
3703
3703
3704
3707
3707
3708
3709
3709
3709
3710
3711
3711
3712
3715
3716
3716
3716
3718
3718
3718
3718
3720
3720
3720
3721
3721
3724
3725
3726
3726
3727
3727
3727
3728
3729
3730
3734
3735
3736
3736
3736
3737
3738
3740
3742
3743
3744
3746
3747
3747
3749
3756
3757
3762
3762
3766
3767
3769
3770
3770
3770
3770
3771
3772
3772
3772
3773
3773
3773
3774
3775
3776
3777
3778
3779
3779
3782
3782
3783
3783
3783
3784
3784
3786
3786
3788
3788
3790
3790
3791
3792
3792
3796
3796
3797
3797
3797
3797
3797
3798
3801
3802
3804
3806
3806
3806
3807
3808
3808
3809
3810
3811
3811
3814
3814
3815
3815
3819
3819
3819
3819
3821
3821
3822
3822
3823
3823
3824
3824
3825
3825
3826
3827
3827
3828
3828
3829
3831
3831
3832
3832
3833
3833
3834
3835
3835
3836
3838
3839
3840
3845
3845
3846
3846
3847
3847
3848
3849
3849
3853
3853
3854
3854
3854
3855
3856
3858
3859
3861
3862
3862
3863
3866
3866
3866
3868
3869
3869
3869
3873
3873
3873
3874
3874
3876
3879
3879
3880
3883
3883
3883
3884
3885
3887
3890
3892
3894
3894
3896
3896
3896
3896
3897
3897
3897
3898
3898
3898
3903
3904
3906
3907
3908
3908
3908
3908
3910
3911
3915
3916
3916
3916
3918
3919
3920
3922
3923
3923
3925
3925
3926
3927
3927
3928
3930
3930
3930
3933
3934
3935
3935
3940
3940
3941
3943
3945
3945
3945
3945
3945
3946
3947
3948
3949
3949
3949
3950
3950
3950
3950
3951
3954
3955
3955
3956
3957
3958
3960
3960
3961
3961
3961
3963
3964
3964
3965
3966
3966
3968
3968
3969
3969
3969
3969
3971
3972
3972
3973
3973
3974
3974
3974
3976
3976
3976
3977
3978
3981
3982
3984
3986
3986
3987
3988
3988
3988
3990
3991
3992
3993
3994
3994
3995
3999
3999
4000
4000
4003
4005
4006
4006
4007
4007
4008
4009
4009
4009
4009
4009
4010
4010
4010
4014
4015
4016
4019
4020
4021
4022
4024
4025
4026
4026
4028
4029
4029
4030
4034
4036
4037
4037
4038
4038
4039
4039
4040
4040
4042
4042
4042
4043
4043
4043
4046
4046
4046
4047
4047
4048
4048
4049
4050
4051
4051
4051
4052
4052
4054
4054
4054
4056
4057
4057
4057
4058
4058
4059
4059
4060
4062
4062
4063
4063
4064
4064
4065
4065
4067
4067
4069
4070
4071
4072
4072
4073
4076
4076
4077
4078
4078
4079
4080
4080
4084
4085
4090
4090
4092
4093
4093
4096
4097
4097
4099
4099
4100
4100
4102
4104
4104
4106
4107
4108
4108
4109
4110
4110
4110
4111
4111
4113
4113
4113
4115
4115
4116
4117
4117
4118
4118
4119
4119
4121
4121
4122
4126
4126
4127
4128
4130
4135
4135
4136
4139
4143
4143
4145
4145
4145
4145
4145
4146
4147
4147
4148
4148
4150
4151
4155
4156
4156
4158
4162
4162
4163
4163
4164
4164
4164
4166
4167
4167
4169
4170
4171
4173
4174
4176
4176
4178
4179
4184
4184
4185
4186
4186
4186
4187
4189
4189
4191
4192
4195
4198
4198
4199
4200
4201
4202
4202
4203
4204
4206
4206
4207
4208
4208
4209
4209
4216
4216
4218
4219
4219
4219
4220
4221
4221
4224
4225
4226
4226
4227
4227
4229
4229
4232
4232
4234
4235
4235
4236
4237
4237
4238
4239
4239
4241
4242
4242
4243
4245
4245
4246
4247
4247
4249
4249
4251
4251
4252
4252
4253
4254
4255
4255
4255
4256
4256
4257
4258
4258
4258
4258
4260
4261
4261
4262
4262
4263
4265
4267
4267
4267
4270
4270
4271
4271
4273
4273
4275
4276
4276
4276
4276
4278
4278
4278
4280
4281
4282
4284
4284
4284
4284
4286
4286
4288
4288
4288
4288
4290
4292
4294
4294
4294
4294
4294
4295
4295
4296
4298
4299
4299
4300
4301
4301
4305
4305
4306
4306
4307
4307
4308
4308
4308
4309
4309
4309
4309
4310
4312
4312
4314
4315
4316
4317
4318
4319
4319
4320
4321
4322
4323
4323
4324
4325
4326
4327
4332
4333
4334
4335
4340
4340
4343
4343
4344
4346
4346
4348
4348
4349
4350
4350
4350
4351
4351
4352
4353
4354
4355
4355
4356
4359
4360
4361
4363
4364
4367
4368
4368
4370
4370
4371
4373
4373
4375
4376
4376
4378
4378
4378
4379
4379
4380
4380
4381
4381
4382
4382
4383
4384
4384
4384
4385
4386
4386
4387
4390
4391
4392
4392
4396
4396
4398
4398
4398
4400
4400
4400
4400
4401
4401
4402
4406
4406
4406
4407
4407
4407
4408
4409
4409
4409
4410
4411
4411
4413
4413
4413
4414
4414
4415
4417
4422
4424
4425
4425
4427
4430
4430
4430
4431
4432
4432
4432
4434
4436
4437
4439
4439
4440
4442
4442
4445
4445
4447
4449
4451
4452
4452
4453
4455
4455
4456
4456
4457
4457
4458
4458
4458
4458
4462
4462
4462
4462
4463
4463
4463
4464
4465
4467
4469
4469
4471
4472
4472
4473
4474
4474
4474
4477
4478
4479
4479
4480
4480
4481
4482
4483
4484
4486
4486
4486
4489
4489
4489
4489
4490
4490
4492
4492
4492
4497
4498
4498
4499
4501
4501
4502
4504
4505
4505
4506
4506
4507
4507
4509
4511
4511
4513
4513
4513
4514
4514
4514
4515
4515
4516
4517
4517
4519
4520
4521
4523
4523
4523
4525
4525
4526
4526
4526
4527
4530
4533
4533
4534
4534
4535
4537
4538
4539
4540
4541
4543
4543
4545
4545
4546
4548
4548
4550
4553
4553
4553
4553
4553
4555
4556
4558
4560
4560
4560
4561
4563
4563
4564
4566
4567
4567
4569
4569
4571
4573
4574
4576
4576
4577
4577
4579
4579
4579
4579
4582
4582
4583
4585
4586
4587
4587
4591
4591
4592
4596
4596
4602
4602
4602
4604
4605
4607
4608
4609
4609
4609
4610
4611
4611
4612
4612
4613
4615
4615
4619
4619
4620
4620
4620
4620
4621
4622
4623
4623
4625
4626
4630
4632
4634
4635
4635
4635
4636
4636
4637
4639
4640
4640
4642
4644
4645
4646
4648
4651
4652
4653
4653
4653
4654
4654
4655
4659
4661
4661
4662
4664
4665
4665
4665
4666
4667
4667
4668
4668
4668
4669
4669
4670
4670
4670
4670
4670
4671
4672
4673
4674
4674
4676
4676
4677
4679
4679
4683
4683
4683
4684
4686
4686
4687
4687
4687
4688
4689
4689
4690
4690
4693
4694
4696
4697
4697
4698
4698
4700
4700
4701
4702
4703
4703
4704
4705
4705
4705
4705
4706
4706
4707
4708
4711
4711
4711
4711
4712
4714
4715
4716
4716
4718
4720
4721
4721
4722
4723
4723
4724
4724
4726
4727
4727
4729
4731
4732
4732
4732
4733
4738
4738
4739
4739
4739
4742
4742
4744
4745
4746
4747
4748
4748
4750
4751
4754
4755
4755
4756
4756
4760
4761
4762
4763
4764
4764
4766
4766
4767
4767
4768
4768
4770
4770
4771
4772
4772
4773
4774
4775
4775
4776
4776
4777
4780
4781
4781
4782
4784
4784
4784
4787
4787
4787
4788
4788
4789
4790
4791
4792
4792
4793
4793
4794
4794
4794
4795
4795
4797
4797
4800
4800
4802
4805
4806
4806
4808
4809
4811
4811
4812
4813
4813
4813
4815
4815
4818
4819
4820
4822
4823
4823
4824
4825
4833
4834
4834
4837
4837
4839
4839
4840
4841
4841
4842
4843
4843
4843
4844
4845
4845
4845
4847
4847
4848
4848
4849
4851
4851
4852
4853
4857
4857
4858
4858
4858
4859
4860
4861
4862
4862
4863
4863
4864
4866
4866
4867
4867
4867
4868
4870
4871
4873
4873
4874
4875
4879
4880
4880
4881
4882
4885
4886
4888
4891
4891
4892
4892
4894
4894
4894
4895
4897
4898
4899
4899
4899
4900
4900
4900
4900
4901
4902
4903
4904
4904
4905
4905
4906
4911
4911
4912
4912
4913
4913
4914
4915
4916
4916
4917
4917
4920
4922
4924
4925
4925
4926
4927
4927
4929
4929
4930
4931
4934
4934
4935
4936
4936
4937
4937
4937
4939
4939
4939
4940
4942
4942
4943
4946
4948
4949
4950
4952
4953
4953
4954
4955
4955
4956
4957
4957
4958
4958
4958
4959
4961
4966
4972
4974
4975
4976
4976
4977
4978
4982
4983
4984
4985
4986
4986
4986
4987
4989
4991
4991
4991
4993
4994
4995
4995
4995
4997
4997
4998
4998
5001
5001
5003
5005
5005
5007
5009
5009
5011
5012
5012
5013
5014
5014
5016
5016
5017
5019
5021
5021
5022
5024
5024
5024
5025
5025
5027
5029
5030
5031
5032
5032
5033
5033
5034
5035
5035
5035
5037
5040
5041
5041
5041
5041
5043
5043
5044
5044
5045
5046
5046
5047
5049
5052
5053
5053
5053
5053
5055
5057
5057
5058
5058
5061
5062
5064
5065
5065
5067
5068
5069
5070
5070
5070
5070
5072
5073
5073
5073
5075
5075
5077
5077
5077
5081
5083
5084
5085
5085
5085
5090
5091
5091
5092
5093
5093
5094
5097
5098
5098
5100
5105
5106
5106
5108
5109
5111
5112
5115
5115
5116
5117
5118
5119
5119
5122
5123
5125
5126
5129
5131
5131
5132
5133
5133
5135
5137
5139
5139
5141
5143
5147
5149
5150
5150
5152
5152
5152
5153
5153
5153
5155
5158
5158
5159
5160
5165
5165
5166
5166
5167
5167
5168
5169
5169
5170
5171
5172
5174
5175
5176
5177
5177
5179
5179
5180
5180
5180
5180
5180
5182
5182
5182
5183
5185
5185
5187
5188
5188
5189
5189
5191
5193
5193
5194
5196
5197
5197
5199
5200
5201
5201
5201
5203
5205
5205
5208
5208
5209
5210
5211
5211
5213
5213
5214
5214
5214
5214
5214
5215
5215
5215
5216
5216
5217
5217
5218
5220
5220
5221
5221
5221
5222
5224
5225
5227
5227
5229
5230
5231
5231
5232
5233
5233
5236
5236
5236
5240
5240
5240
5243
5244
5245
5245
5247
5248
5248
5250
5250
5253
5253
5254
5255
5256
5257
5260
5261
5261
5262
5262
5263
5264
5266
5267
5268
5270
5271
5272
5273
5277
5278
5278
5278
5278
5279
5280
5280
5283
5287
5287
5287
5290
5291
5293
5293
5295
5296
5296
5297
5297
5298
5299
5299
5303
5303
5307
5308
5308
5309
5310
5312
5313
5314
5318
5319
5321
5323
5323
5323
5324
5325
5325
5328
5328
5330
5330
5331
5334
5337
5338
5339
5339
5340
5342
5342
5343
5344
5344
5346
5346
5348
5351
5352
5354
5356
5356
5357
5358
5359
5359
5359
5359
5361
5363
5364
5365
5367
5367
5367
5368
5368
5368
5371
5371
5371
5371
5372
5373
5375
5376
5378
5378
5382
5384
5385
5386
5386
5387
5388
5388
5388
5390
5392
5393
5394
5395
5396
5398
5398
5400
5402
5402
5402
5402
5404
5404
5405
5406
5406
5408
5408
5408
5409
5409
5410
5412
5412
5413
5413
5413
5414
5415
5417
5418
5420
5420
5422
5423
5424
5424
5425
5426
5427
5428
5429
5431
5431
5433
5433
5434
5434
5435
5437
5438
5439
5442
5442
5443
5445
5446
5446
5448
5451
5457
5457
5458
5459
5460
5460
5461
5463
5464
5465
5466
5467
5471
5471
5474
5475
5476
5478
5479
5479
5479
5481
5481
5483
5484
5484
5484
5484
5485
5485
5485
5486
5486
5487
5487
5487
5488
5489
5491
5491
5495
5495
5496
5497
5497
5498
5500
5500
5500
5501
5502
5503
5503
5503
5504
5505
5507
5509
5510
5511
5513
5516
5518
5518
5520
5520
5524
5524
5525
5526
5526
5527
5528
5528
5529
5530
5532
5534
5535
5536
5536
5537
5540
5541
5543
5545
5545
5545
5546
5547
5548
5548
5549
5549
5550
5550
5553
5555
5555
5562
5563
5563
5564
5564
5566
5566
5566
5568
5568
5569
5570
5570
5572
5572
5573
5574
5574
5574
5576
5576
5578
5579
5580
5580
5580
5581
5584
5584
5587
5591
5592
5593
5593
5594
5596
5596
5596
5598
5599
5599
5599
5599
5601
5602
5602
5604
5607
5607
5607
5610
5612
5614
5617
5617
5617
5617
5618
5619
5620
5621
5621
5622
5623
5627
5628
5629
5632
5632
5633
5634
5635
5636
5638
5640
5640
5641
5642
5642
5643
5644
5644
5650
5651
5651
5654
5654
5656
5659
5662
5662
5663
5664
5666
5667
5667
5671
5672
5673
5675
5675
5676
5676
5677
5677
5681
5681
5682
5685
5685
5685
5685
5686
5686
5688
5688
5690
5693
5695
5695
5699
5699
5700
5703
5704
5705
5706
5707
5707
5709
5710
5710
5710
5711
5712
5712
5714
5715
5716
5716
5716
5717
5719
5721
5721
5722
5725
5726
5727
5727
5727
5728
5728
5729
5730
5730
5731
5732
5734
5735
5736
5738
5739
5741
5742
5744
5746
5747
5747
5748
5749
5749
5750
5750
5751
5752
5755
5757
5758
5760
5760
5761
5764
5765
5765
5766
5766
5766
5767
5768
5769
5770
5770
5770
5771
5772
5775
5775
5775
5778
5778
5779
5780
5780
5780
5781
5782
5783
5784
5784
5785
5787
5788
5789
5789
5792
5794
5794
5794
5795
5797
5798
5799
5800
5800
5801
5802
5803
5806
5807
5808
5809
5811
5811
5812
5813
5813
5813
5816
5816
5817
5817
5817
5817
5817
5818
5819
5820
5820
5820
5822
5822
5822
5823
5823
5823
5824
5825
5825
5826
5826
5830
5830
5831
5833
5835
5837
5838
5838
5838
5838
5840
5840
5842
5844
5844
5844
5845
5845
5845
5846
5847
5847
5848
5849
5852
5852
5853
5854
5857
5857
5857
5857
5858
5862
5863
5863
5864
5864
5865
5866
5868
5873
5874
5876
5876
5880
5880
5884
5885
5886
5886
5889
5890
5890
5890
5890
5893
5894
5895
5896
5896
5896
5897
5897
5897
5898
5898
5898
5899
5900
5901
5901
5901
5903
5906
5907
5908
5910
5911
5912
5913
5914
5916
5917
5919
5920
5922
5923
5923
5924
5924
5925
5925
5926
5928
5929
5930
5931
5931
5933
5933
5933
5935
5936
5939
5939
5941
5942
5943
5944
5945
5946
5947
5947
5947
5948
5949
5949
5949
5953
5953
5954
5955
5957
5957
5958
5959
5960
5961
5962
5962
5963
5965
5965
5965
5966
5966
5967
5967
5967
5967
5969
5970
5972
5973
5976
5977
5980
5980
5983
5983
5985
5985
5986
5986
5986
5987
5987
5987
5988
5988
5990
5990
5990
5993
5994
5994
5997
5998
6000
6000
6001
6001
6001
6001
6002
6003
6005
6005
6006
6009
6009
6011
6012
6012
6014
6014
6015
6017
6017
6019
6020
6021
6022
6022
6023
6023
6024
6024
6025
6027
6030
6030
6031
6032
6034
6035
6035
6037
6037
6038
6038
6039
6040
6040
6041
6041
6043
6045
6045
6047
6048
6049
6049
6051
6052
6053
6055
6055
6056
6056
6056
6057
6057
6058
6059
6059
6060
6061
6061
6061
6061
6063
6064
6064
6065
6068
6070
6071
6072
6072
6074
6076
6076
6078
6078
6079
6082
6084
6085
6085
6086
6087
6088
6089
6090
6090
6094
6094
6094
6096
6096
6096
6099
6101
6102
6105
6105
6109
6109
6109
6110
6110
6111
6112
6113
6114
6114
6114
6115
6116
6118
6118
6119
6122
6122
6122
6123
6124
6124
6124
6125
6126
6126
6126
6126
6129
6133
6134
6136
6138
6139
6139
6140
6140
6140
6140
6141
6143
6146
6146
6147
6147
6149
6149
6150
6150
6150
6153
6153
6153
6157
6157
6157
6157
6158
6158
6158
6159
6163
6165
6165
6166
6171
6171
6172
6172
6172
6174
6175
6177
6178
6179
6179
6180
6183
6184
6184
6185
6187
6188
6190
6192
6194
6197
6197
6197
6198
6198
6199
6199
6201
6202
6202
6205
6207
6208
6208
6209
6210
6212
6213
6213
6214
6215
6215
6216
6217
6220
6221
6221
6225
6228
6228
6230
6230
6232
6233
6233
6235
6235
6237
6237
6237
6237
6239
6239
6240
6242
6243
6244
6244
6245
6246
6247
6248
6248
6250
6251
6251
6253
6254
6256
6256
6257
6257
6258
6258
6258
6259
6260
6261
6262
6264
6265
6266
6268
6270
6270
6271
6271
6274
6275
6275
6277
6281
6281
6283
6288
6289
6289
6290
6290
6291
6293
6294
6294
6295
6296
6296
6299
6300
6300
6302
6303
6304
6305
6306
6308
6309
6310
6310
6311
6313
6314
6314
6314
6315
6316
6317
6318
6318
6318
6319
6320
6321
6323
6324
6327
6328
6329
6329
6329
6329
6330
6330
6331
6332
6332
6333
6333
6333
6334
6335
6336
6337
6337
6337
6337
6339
6341
6345
6345
6346
6346
6347
6348
6348
6349
6349
6349
6350
6354
6355
6356
6357
6359
6359
6361
6362
6363
6363
6364
6364
6365
6366
6367
6368
6368
6368
6369
6369
6369
6371
6372
6372
6373
6374
6374
6375
6377
6381
6382
6383
6383
6384
6385
6385
6387
6387
6388
6389
6389
6389
6390
6390
6391
6391
6391
6391
6391
6392
6392
6394
6394
6395
6396
6398
6399
6400
6400
6400
6403
6403
6405
6405
6406
6409
6409
6409
6412
6412
6415
6415
6416
6416
6420
6422
6422
6423
6423
6425
6426
6428
6428
6429
6432
6434
6434
6435
6435
6436
6437
6438
6438
6439
6440
6441
6441
6442
6444
6444
6444
6444
6444
6445
6446
6446
6446
6447
6449
6450
6453
6453
6456
6457
6457
6459
6459
6461
6461
6462
6464
6464
6464
6465
6466
6471
6471
6471
6476
6476
6476
6476
6477
6478
6480
6481
6482
6483
6484
6485
6487
6488
6489
6490
6491
6493
6495
6497
6498
6499
6499
6501
6502
6502
6503
6504
6504
6505
6508
6508
6511
6511
6512
6512
6513
6513
6513
6516
6517
6518
6518
6518
6519
6523
6526
6526
6531
6532
6532
6532
6533
6533
6534
6534
6535
6536
6536
6537
6538
6538
6540
6541
6541
6542
6542
6543
6544
6546
6548
6549
6550
6550
6553
6553
6554
6554
6555
6555
6556
6558
6558
6559
6560
6561
6563
6567
6568
6568
6569
6569
6569
6570
6570
6571
6574
6574
6574
6575
6575
6576
6576
6578
6580
6580
6582
6584
6584
6585
6585
6585
6587
6587
6588
6591
6592
6593
6593
6594
6596
6596
6598
6599
6600
6601
6602
6603
6607
6608
6608
6609
6609
6609
6610
6612
6614
6614
6615
6616
6619
6619
6621
6622
6623
6623
6623
6623
6624
6625
6628
6628
6629
6633
6633
6633
6634
6635
6635
6636
6637
6640
6640
6642
6643
6644
6646
6647
6647
6650
6650
6651
6651
6651
6653
6654
6654
6655
6655
6656
6656
6656
6657
6657
6657
6658
6658
6661
6661
6662
6662
6663
6663
6664
6665
6666
6669
6670
6670
6670
6671
6672
6675
6675
6678
6678
6680
6681
6684
6686
6688
6688
6690
6690
6691
6693
6696
6697
6698
6698
6698
6700
6700
6701
6701
6703
6704
6704
6705
6706
6706
6707
6708
6709
6709
6710
6710
6712
6713
6713
6714
6715
6715
6715
6717
6717
6719
6721
6724
6724
6725
6726
6726
6728
6729
6730
6731
6734
6735
6736
6736
6739
6743
6745
6745
6746
6746
6747
6748
6749
6750
6753
6756
6756
6757
6757
6757
6757
6758
6759
6759
6760
6763
6764
6764
6765
6765
6766
6767
6769
6769
6770
6770
6770
6771
6772
6772
6772
6773
6777
6778
6778
6778
6779
6783
6785
6786
6787
6787
6787
6788
6791
6792
6794
6794
6796
6796
6797
6797
6799
6799
6801
6801
6803
6804
6804
6804
6805
6806
6809
6809
6810
6811
6819
6820
6820
6824
6824
6824
6824
6827
6828
6830
6831
6834
6834
6837
6838
6839
6840
6840
6841
6842
6843
6843
6844
6849
6849
6850
6850
6851
6851
6851
6852
6854
6854
6855
6855
6856
6857
6857
6858
6858
6858
6859
6859
6860
6861
6863
6863
6863
6866
6868
6869
6870
6871
6872
6872
6873
6873
6875
6878
6878
6879
6879
6880
6880
6880
6881
6883
6885
6885
6886
6887
6887
6887
6889
6889
6891
6891
6894
6895
6895
6896
6897
6897
6899
6900
6900
6901
6901
6902
6903
6903
6903
6905
6906
6907
6908
6910
6910
6912
6913
6913
6914
6914
6916
6916
6918
6918
6921
6921
6922
6922
6923
6923
6926
6928
6931
6931
6932
6933
6933
6934
6934
6935
6935
6935
6937
6937
6940
6940
6940
6941
6941
6941
6942
6944
6945
6948
6949
6950
6950
6950
6951
6951
6952
6953
6956
6956
6956
6959
6961
6962
6962
6963
6965
6965
6966
6966
6967
6973
6974
6975
6976
6977
6979
6982
6982
6984
6984
6986
6987
6989
6989
6990
6991
6991
6993
6994
6996
6998
7000
7001
7003
7004
7005
7005
7005
7010
7010
7011
7011
7013
7015
7016
7016
7016
7018
7018
7019
7020
7020
7022
7022
7022
7022
7025
7026
7026
7026
7026
7027
7027
7027
7027
7027
7028
7028
7029
7030
7031
7035
7035
7035
7044
7045
7046
7046
7047
7048
7049
7050
7050
7051
7053
7053
7055
7055
7056
7056
7056
7057
7057
7059
7059
7060
7061
7063
7063
7064
7065
7066
7067
7068
7071
7075
7076
7077
7079
7079
7079
7081
7082
7083
7085
7085
7088
7089
7090
7090
7092
7092
7094
7094
7095
7095
7096
7097
7098
7099
7101
7101
7102
7103
7104
7105
7108
7108
7110
7113
7113
7114
7114
7116
7116
7116
7121
7121
7125
7127
7128
7128
7130
7130
7130
7132
7132
7135
7135
7136
7136
7137
7137
7138
7141
7142
7142
7142
7143
7145
7145
7145
7146
7149
7149
7149
7152
7152
7153
7153
7153
7155
7155
7156
7156
7159
7161
7161
7162
7163
7163
7164
7165
7166
7166
7167
7168
7169
7170
7172
7174
7175
7175
7176
7176
7177
7177
7178
7178
7180
7181
7181
7182
7183
7183
7184
7185
7187
7188
7188
7189
7191
7191
7192
7194
7194
7194
7195
7198
7198
7201
7202
7204
7205
7206
7208
7208
7209
7211
7214
7214
7214
7214
7216
7216
7219
7221
7221
7221
7221
7222
7223
7223
7226
7226
7227
7230
7231
7231
7231
7232
7233
7235
7236
7236
7237
7237
7237
7238
7238
7238
7239
7239
7240
7241
7243
7244
7244
7244
7245
7246
7246
7246
7246
7247
7247
7248
7248
7250
7253
7253
7257
7257
7257
7258
7260
7260
7262
7262
7263
7264
7267
7267
7270
7271
7273
7274
7274
7274
7274
7274
7276
7284
7286
7287
7288
7291
7291
7293
7294
7295
7297
7298
7306
7307
7308
7311
7312
7313
7314
7314
7314
7314
7315
7316
7316
7316
7317
7321
7321
7322
7324
7324
7324
7324
7325
7325
7329
7331
7332
7332
7333
7335
7336
7337
7338
7338
7339
7341
7341
7342
7344
7344
7345
7346
7346
7347
7347
7349
7350
7350
7350
7356
7357
7357
7357
7359
7360
7361
7361
7362
7362
7362
7363
7365
7365
7366
7368
7368
7369
7373
7373
7375
7375
7376
7376
7377
7377
7380
7380
7380
7381
7381
7382
7382
7382
7383
7383
7386
7386
7386
7386
7389
7389
7390
7391
7391
7391
7391
7392
7393
7394
7394
7396
7397
7399
7399
7399
7400
7401
7401
7401
7403
7404
7405
7409
7409
7413
7413
7413
7415
7416
7417
7417
7417
7419
7420
7422
7423
7423
7425
7426
7427
7428
7428
7430
7432
7434
7435
7437
7438
7441
7441
7441
7441
7443
7444
7445
7445
7446
7449
7449
7450
7454
7455
7456
7457
7457
7457
7458
7458
7460
7462
7463
7464
7465
7468
7472
7474
7475
7477
7478
7478
7480
7482
7483
7483
7483
7485
7486
7487
7488
7490
7493
7493
7494
7495
7497
7498
7499
7500
7503
7506
7506
7507
7510
7511
7511
7513
7513
7514
7514
7515
7516
7517
7518
7519
7519
7520
7520
7521
7521
7523
7524
7530
7535
7537
7538
7538
7542
7542
7544
7544
7549
7549
7550
7550
7550
7551
7552
7553
7555
7555
7555
7557
7557
7559
7559
7560
7560
7561
7561
7563
7564
7566
7567
7568
7569
7570
7572
7572
7574
7574
7575
7576
7576
7577
7578
7578
7579
7580
7580
7581
7582
7585
7585
7586
7587
7587
7589
7590
7590
7590
7591
7592
7594
7595
7595
7595
7595
7598
7600
7601
7602
7602
7603
7607
7609
7613
7613
7615
7615
7616
7619
7620
7621
7622
7622
7623
7623
7624
7624
7625
7625
7626
7626
7626
7627
7628
7628
7628
7630
7630
7630
7632
7633
7633
7633
7635
7636
7637
7638
7639
7642
7642
7644
7644
7645
7645
7647
7647
7649
7649
7651
7651
7652
7653
7654
7654
7656
7657
7657
7658
7659
7659
7660
7661
7661
7662
7663
7664
7664
7667
7670
7670
7674
7675
7677
7678
7679
7681
7683
7684
7685
7685
7686
7686
7688
7688
7693
7695
7696
7699
7701
7702
7703
7703
7706
7706
7706
7708
7711
7711
7712
7713
7714
7715
7715
7717
7717
7717
7719
7720
7721
7723
7724
7726
7727
7727
7727
7728
7729
7730
7731
7731
7731
7732
7733
7734
7735
7737
7737
7737
7737
7738
7740
7742
7746
7747
7747
7747
7748
7748
7749
7749
7751
7752
7754
7754
7756
7756
7756
7757
7757
7758
7758
7759
7760
7762
7762
7762
7764
7764
7764
7765
7766
7767
7767
7768
7769
7769
7770
7770
7770
7772
7772
7772
7774
7774
7776
7776
7777
7777
7779
7779
7781
7782
7782
7782
7783
7785
7786
7786
7788
7789
7789
7789
7790
7791
7792
7792
7794
7798
7798
7799
7802
7802
7802
7803
7803
7804
7805
7809
7809
7810
7811
7813
7814
7815
7815
7816
7818
7819
7819
7821
7822
7822
7822
7822
7823
7826
7826
7827
7830
7835
7835
7836
7838
7838
7844
7844
7845
7845
7846
7848
7849
7851
7856
7858
7859
7861
7862
7864
7865
7869
7869
7873
7873
7876
7877
7879
7880
7880
7881
7881
7882
7885
7886
7887
7888
7890
7890
7892
7893
7895
7895
7895
7898
7898
7898
7899
7902
7906
7907
7908
7910
7910
7910
7911
7915
7915
7915
7916
7918
7918
7919
7921
7924
7924
7925
7926
7928
7929
7931
7931
7934
7936
7936
7937
7937
7939
7941
7943
7943
7946
7946
7949
7950
7951
7951
7953
7953
7953
7954
7956
7956
7958
7958
7959
7960
7961
7962
7962
7962
7962
7964
7964
7964
7964
7967
7968
7968
7969
7969
7970
7970
7972
7973
7977
7978
7979
7980
7980
7983
7983
7983
7987
7987
7990
7990
7990
7990
7993
7996
7997
7997
8000
8001
8002
8002
8002
8003
8003
8003
8004
8005
8006
8006
8006
8007
8009
8011
8012
8013
8013
8014
8014
8015
8016
8017
8017
8017
8018
8020
8021
8022
8023
8024
8026
8028
8028
8029
8030
8030
8030
8031
8031
8031
8032
8034
8036
8036
8038
8038
8039
8039
8040
8041
8042
8042
8044
8045
8045
8046
8047
8049
8049
8050
8051
8053
8054
8055
8056
8056
8056
8057
8059
8060
8061
8062
8062
8065
8065
8066
8067
8067
8067
8067
8071
8074
8077
8077
8079
8080
8080
8082
8083
8084
8085
8086
8087
8087
8087
8089
8091
8091
8091
8092
8092
8092
8093
8093
8094
8098
8100
8101
8103
8103
8103
8104
8105
8105
8106
8110
8110
8111
8113
8113
8114
8114
8115
8118
8119
8119
8121
8121
8122
8122
8122
8123
8126
8127
8128
8129
8129
8129
8129
8129
8130
8131
8131
8131
8131
8137
8139
8140
8140
8143
8144
8144
8145
8148
8148
8149
8149
8150
8151
8152
8152
8152
8152
8153
8153
8154
8155
8155
8155
8159
8159
8160
8161
8162
8163
8171
8171
8174
8174
8176
8177
8179
8179
8179
8180
8180
8181
8181
8181
8181
8183
8183
8186
8186
8186
8187
8188
8189
8191
8191
8191
8192
8192
8193
8196
8196
8197
8197
8201
8201
8201
8203
8204
8204
8205
8206
8206
8207
8208
8209
8209
8212
8213
8216
8220
8222
8223
8223
8225
8226
8227
8227
8230
8232
8232
8233
8234
8234
8235
8236
8237
8238
8243
8244
8244
8248
8249
8252
8253
8253
8253
8254
8256
8257
8257
8259
8261
8263
8269
8271
8271
8271
8274
8276
8276
8276
8276
8277
8278
8278
8279
8280
8280
8280
8284
8284
8285
8286
8286
8287
8288
8290
8292
8293
8293
8294
8298
8298
8299
8301
8301
8302
8304
8304
8304
8305
8305
8305
8305
8306
8306
8306
8307
8308
8308
8308
8309
8312
8312
8313
8313
8313
8315
8319
8320
8321
8321
8323
8324
8325
8326
8326
8326
8326
8326
8327
8328
8329
8333
8333
8336
8336
8337
8337
8338
8338
8338
8339
8339
8340
8342
8342
8345
8345
8345
8345
8345
8345
8347
8347
8348
8350
8350
8352
8352
8353
8354
8354
8355
8357
8358
8358
8359
8360
8364
8365
8365
8366
8371
8371
8372
8372
8374
8374
8374
8375
8376
8376
8377
8377
8381
8382
8383
8383
8384
8385
8386
8386
8387
8388
8388
8390
8393
8394
8394
8394
8396
8397
8398
8399
8401
8404
8405
8408
8409
8409
8410
8410
8410
8411
8411
8412
8412
8415
8415
8416
8417
8417
8420
8423
8425
8427
8427
8428
8431
8432
8437
8437
8439
8440
8441
8442
8442
8442
8444
8444
8449
8449
8450
8450
8452
8453
8454
8454
8455
8457
8457
8458
8458
8460
8460
8461
8462
8463
8463
8464
8466
8466
8467
8468
8468
8469
8473
8473
8473
8473
8476
8477
8477
8478
8478
8478
8478
8479
8480
8481
8481
8482
8486
8486
8489
8489
8489
8490
8490
8491
8493
8497
8499
8499
8501
8503
8505
8506
8507
8508
8509
8509
8511
8512
8512
8513
8519
8519
8519
8520
8522
8522
8523
8523
8525
8525
8526
8528
8528
8528
8528
8529
8529
8530
8530
8530
8532
8533
8534
8535
8535
8536
8537
8537
8538
8539
8540
8541
8541
8542
8545
8545
8546
8549
8549
8550
8552
8553
8554
8555
8556
8556
8557
8558
8558
8559
8560
8560
8560
8562
8562
8564
8564
8566
8568
8569
8569
8569
8570
8571
8572
8572
8573
8573
8573
8575
8576
8576
8579
8579
8583
8586
8586
8587
8587
8587
8587
8589
8590
8591
8591
8592
8592
8593
8593
8593
8593
8594
8595
8595
8596
8597
8597
8598
8598
8598
8599
8599
8600
8602
8603
8604
8605
8607
8608
8608
8612
8614
8614
8617
8618
8618
8624
8624
8628
8628
8628
8628
8629
8629
8630
8630
8631
8632
8632
8634
8635
8636
8636
8636
8641
8642
8644
8645
8645
8646
8646
8649
8649
8650
8654
8654
8655
8657
8659
8659
8659
8661
8663
8663
8664
8664
8666
8666
8667
8668
8670
8671
8672
8673
8673
8678
8678
8678
8679
8679
8680
8680
8680
8681
8683
8684
8684
8684
8685
8685
8686
8691
8691
8694
8697
8698
8701
8701
8704
8704
8704
8705
8706
8706
8706
8707
8709
8709
8709
8710
8712
8712
8713
8713
8717
8719
8719
8721
8721
8722
8724
8724
8728
8731
8735
8736
8736
8738
8738
8739
8739
8739
8741
8742
8745
8745
8747
8747
8748
8750
8751
8752
8756
8757
8758
8759
8761
8762
8762
8762
8765
8765
8765
8765
8766
8766
8766
8768
8770
8772
8772
8774
8775
8776
8777
8777
8777
8778
8783
8783
8783
8784
8784
8786
8786
8787
8787
8790
8792
8793
8797
8799
8800
8801
8802
8802
8803
8803
8804
8806
8806
8806
8810
8810
8812
8812
8813
8814
8814
8815
8815
8815
8816
8816
8817
8818
8819
8819
8819
8821
8823
8823
8823
8824
8824
8826
8829
8831
8833
8834
8834
8835
8836
8836
8839
8841
8841
8842
8842
8843
8843
8844
8845
8846
8846
8847
8848
8849
8850
8852
8852
8854
8855
8855
8855
8855
8857
8859
8863
8864
8867
8869
8872
8874
8874
8874
8876
8877
8877
8878
8878
8879
8881
8882
8886
8886
8887
8888
8889
8891
8893
8895
8895
8895
8896
8897
8898
8899
8899
8902
8903
8903
8904
8904
8906
8907
8907
8907
8908
8910
8910
8911
8912
8913
8915
8916
8916
8917
8918
8918
8921
8922
8922
8922
8923
8925
8925
8928
8929
8932
8932
8934
8935
8935
8936
8938
8938
8939
8940
8942
8944
8944
8944
8949
8949
8949
8949
8949
8950
8952
8952
8952
8954
8956
8957
8958
8958
8958
8958
8960
8960
8965
8967
8969
8969
8972
8972
8973
8974
8975
8975
8976
8976
8976
8977
8979
8979
8980
8980
8981
8982
8984
8986
8988
8989
8989
8990
8990
8991
8991
8992
8992
8993
8993
8994
8994
8994
8996
8999
9001
9001
9003
9004
9004
9005
9006
9006
9006
9006
9007
9009
9011
9011
9011
9012
9014
9015
9016
9019
9020
9021
9021
9022
9022
9023
9024
9024
9025
9025
9026
9027
9027
9029
9030
9031
9032
9032
9032
9032
9035
9035
9039
9039
9040
9041
9041
9042
9045
9045
9046
9046
9047
9047
9048
9048
9049
9049
9050
9051
9051
9051
9052
9053
9055
9056
9056
9056
9056
9056
9057
9060
9060
9062
9064
9066
9071
9072
9075
9076
9076
9077
9077
9079
9080
9083
9084
9084
9085
9085
9085
9085
9086
9087
9090
9090
9092
9092
9093
9093
9095
9095
9096
9097
9098
9099
9101
9103
9105
9106
9106
9108
9108
9110
9110
9110
9111
9113
9117
9118
9118
9119
9121
9121
9123
9123
9123
9123
9124
9124
9126
9126
9128
9132
9132
9134
9134
9135
9135
9136
9140
9141
9142
9143
9144
9144
9145
9147
9147
9149
9149
9150
9150
9152
9153
9154
9158
9158
9159
9161
9161
9162
9162
9162
9163
9163
9164
9164
9165
9165
9165
9174
9176
9178
9179
9180
9180
9183
9183
9184
9184
9184
9185
9185
9187
9188
9189
9189
9190
9191
9193
9193
9197
9197
9197
9197
9198
9198
9199
9200
9200
9201
9201
9201
9202
9202
9202
9202
9204
9207
9207
9209
9209
9211
9213
9213
9214
9215
9216
9217
9218
9218
9219
9220
9220
9224
9226
9228
9228
9229
9229
9229
9229
9230
9233
9234
9234
9235
9236
9238
9239
9239
9239
9241
9242
9243
9243
9245
9245
9245
9245
9245
9246
9247
9247
9247
9248
9249
9250
9251
9252
9253
9253
9253
9254
9254
9255
9255
9255
9255
9256
9257
9258
9258
9260
9260
9263
9264
9266
9267
9267
9268
9268
9268
9269
9271
9272
9273
9275
9276
9278
9280
9281
9282
9282
9283
9287
9289
9289
9289
9289
9292
9293
9294
9294
9295
9296
9296
9297
9297
9299
9299
9299
9300
9300
9301
9303
9304
9306
9308
9310
9310
9311
9313
9314
9314
9315
9316
9318
9319
9320
9321
9322
9323
9323
9325
9325
9326
9328
9329
9329
9331
9332
9332
9335
9337
9337
9339
9339
9343
9343
9343
9344
9345
9346
9348
9348
9349
9351
9351
9352
9352
9355
9356
9356
9357
9357
9360
9363
9363
9365
9365
9365
9367
9368
9368
9369
9370
9370
9370
9371
9371
9372
9373
9373
9374
9375
9375
9378
9378
9379
9380
9381
9381
9383
9384
9384
9387
9388
9390
9390
9390
9391
9394
9395
9396
9396
9397
9398
9400
9400
9401
9401
9402
9404
9405
9407
9410
9411
9411
9412
9413
9414
9414
9416
9420
9421
9425
9425
9426
9426
9428
9428
9429
9430
9433
9435
9435
9435
9437
9438
9438
9438
9439
9439
9440
9441
9443
9443
9444
9444
9445
9446
9446
9446
9447
9447
9448
9448
9450
9452
9452
9453
9453
9453
9454
9454
9456
9456
9457
9460
9462
9464
9466
9466
9466
9468
9468
9470
9472
9473
9473
9473
9474
9474
9475
9475
9475
9477
9477
9479
9479
9481
9481
9482
9482
9482
9483
9484
9485
9485
9486
9486
9487
9487
9489
9491
9493
9493
9493
9493
9494
9496
9498
9499
9501
9503
9504
9505
9507
9509
9510
9510
9511
9511
9511
9512
9516
9518
9518
9520
9520
9520
9520
9521
9521
9522
9523
9524
9526
9526
9527
9527
9528
9530
9531
9532
9532
9532
9534
9540
9541
9542
9543
9544
9547
9547
9547
9548
9548
9549
9550
9550
9550
9551
9551
9551
9552
9552
9552
9554
9556
9556
9557
9559
9560
9560
9560
9561
9563
9563
9563
9565
9566
9569
9569
9570
9571
9571
9578
9578
9579
9581
9581
9583
9583
9584
9585
9585
9587
9588
9588
9590
9590
9590
9591
9591
9594
9595
9598
9598
9598
9599
9599
9599
9599
9599
9600
9603
9604
9605
9606
9611
9613
9613
9614
9617
9618
9618
9618
9619
9621
9621
9622
9624
9626
9626
9627
9629
9630
9633
9636
9638
9640
9640
9641
9641
9641
9642
9642
9643
9643
9644
9645
9645
9646
9646
9646
9646
9646
9646
9650
9651
9651
9654
9654
9655
9655
9656
9656
9658
9658
9660
9661
9661
9661
9665
9666
9667
9667
9668
9670
9670
9670
9670
9671
9672
9674
9674
9675
9675
9676
9676
9679
9679
9679
9679
9681
9681
9683
9686
9686
9687
9688
9688
9689
9691
9694
9697
9697
9699
9701
9702
9704
9704
9704
9706
9707
9708
9710
9711
9713
9713
9713
9714
9715
9715
9717
9718
9719
9720
9720
9721
9722
9722
9723
9723
9725
9725
9727
9729
9732
9733
9734
9734
9735
9735
9736
9736
9737
9738
9741
9743
9746
9746
9746
9748
9750
9751
9751
9753
9756
9758
9759
9760
9761
9763
9764
9766
9766
9766
9767
9769
9772
9773
9773
9774
9774
9775
9776
9776
9777
9779
9780
9782
9782
9782
9782
9783
9783
9784
9784
9785
9785
9786
9786
9787
9787
9789
9791
9792
9792
9792
9795
9796
9803
9804
9805
9805
9809
9810
9811
9811
9814
9814
9815
9816
9818
9819
9819
9819
9820
9821
9822
9823
9827
9827
9827
9828
9829
9831
9831
9831
9832
9834
9835
9835
9836
9836
9836
9837
9838
9839
9840
9840
9840
9841
9842
9842
9843
9843
9844
9846
9846
9847
9848
9848
9849
9850
9850
9850
9850
9851
9852
9853
9856
9856
9856
9857
9857
9859
9861
9861
9861
9864
9864
9865
9866
9867
9868
9868
9870
9870
9870
9871
9873
9874
9874
9874
9874
9874
9876
9877
9877
9879
9880
9881
9881
9882
9882
9884
9886
9887
9887
9887
9889
9889
9890
9890
9891
9893
9894
9894
9896
9897
9899
9899
9900
9900
9901
9902
9904
9905
9906
9909
9909
9911
9912
9912
9912
9915
9915
9916
9917
9917
9918
9918
9918
9919
9919
9920
9922
9922
9923
9924
9924
9924
9924
9924
9925
9925
9926
9926
9927
9928
9929
9929
9929
9930
9930
9931
9933
9933
9934
9934
9934
9935
9937
9937
9940
9940
9940
9943
9944
9945
9946
9946
9947
9947
9947
9947
9949
9950
9950
9951
9951
9954
9954
9954
9954
9955
9955
9956
9957
9958
9959
9961
9962
9963
9964
9965
9966
9966
9968
9969
9970
9971
9971
9972
9973
9974
9978
9979
9980
9981
9982
9982
9982
9985
9985
9986
9986
9987
9988
9989
9989
9989
9990
9990
9990
9992
9992
9995
9997
9999
9999