516
4499
4823
1038
9550
6150
1672
6587
2674
6945
2193
4108
4732
4224
8464
7226
5420
8709
3712
6756
1511
8501
3779
5352
388
3162
6230
9618
8522
3418
8119
1912
4199
1521
2070
9581
6809
5970
591
4344
88
3338
4648
1599
7551
723
8179
5789
8032
5390
5323
6009
7511
1903
5549
6163
9552
9152
5771
4833
7399
2177
3131
3039
6986
5775
8738
6609
1358
9126
3727
4550
3268
1256
9761
144
3052
4998
4747
8023
8131
7168
9782
2727
9990
886
4697
9776
9413
6797
1164
4667
9308
9318
8728
4733
5408
8006
8326
112
1663
7361
3311
8821
579
3262
9022
6841
612
7550
1768
6987
7314
4712
4939
6308
7557
2092
5510
3964
5914
3494
5092
7380
8374
6526
7291
1658
7458
1877
8298
6485
2881
7708
6504
8546
6863
6441
9861
6873
8461
7153
2696
73
6940
6114
7137
8685
252
5714
2560
1993
3193
8252
8312
6339
3874
8366
1007
3486
3153
7166
4378
1434
1561
5695
3028
7068
8039
180
3614
5231
8629
6675
3109
8593
13
1936
4661
3488
1882
6364
4410
865
7449
5133
7413
432
8163
3231
7520
5371
6745
220
3264
3920
5710
292
3227
1973
8277
1497
7001
8774
9511
4843
8550
4507
3255
3988
2235
5032
1078
7678
4609
2183
1418
750
9143
40
1524
5409
546
7880
7056
1175
5428
379
425
8453
4148
8119
201
9375
4711
5896
4170
3249
6303
9528
7445
5503
1493
5378
4925
6568
4576
8326
7441
7572
2159
4381
4966
8949
8086
8056
491
3486
1469
5158
6719
8080
4078
9723
6030
9029
5216
318
69
5303
8420
1702
852
1830
7386
1802
6299
2020
8057
3734
5222
2339
8467
6656
3784
8876
5812
4670
2126
2556
6642
5
4545
1909
1071
2251
214
5217
2892
266
4242
1809
5256
2428
1179
3350
4294
9774
3288
246
3853
849
5601
1677
8762
9243
1395
4077
4117
4445
8824
2092
9352
971
1237
4564
4720
2393
440
9296
4014
4265
5221
3272
4739
6382
2738
1840
6656
6001
1910
2846
7015
8889
5779
7417
106
4897
7663
3655
9548
1968
4939
3708
5675
5525
1447
3782
9735
6537
4009
5838
1854
9599
4208
4275
954
4721
4113
3827
9852
2317
3749
3973
8989
6743
9585
3201
8579
1813
8308
3869
3809
9838
5272
4309
7892
1807
6488
8041
5053
1833
2009
4325
4940
1806
7836
1573
1116
5044
9773
906
7446
7391
9606
6306
4150
5813
4367
9579
2323
2403
6735
3773
692
4278
5299
8042
2402
6851
3077
287
4284
5491
7141
7170
7785
8347
3260
504
1894
8659
3004
5580
8342
1056
8783
1040
680
3736
312
3672
3623
990
7623
2797
6715
197
696
3667
6701
2336
3232
7095
243
9929
7149
7590
919
1060
5885
3854
4977
5642
7191
1328
9643
3849
4246
9940
1502
118
1316
1139
5166
9746
3204
5031
8976
7027
6085
8977
4121
6550
9258
2940
3869
9101
3637
7576
701
3530
3696
78
1469
9404
4662
2159
1858
7155
9585
5976
1076
6438
6172
2689
6045
4576
8047
9056
8618
3383
6416
8226
5760
3209
8528
9912
138
3696
5685
1378
8816
2940
1149
9686
309
3086
8994
1038
1898
1953
5884
6356
8186
2165
3508
4453
3623
9328
1716
2781
7368
338
6476
9856
5240
1614
6391
5638
9681
5591
7595
2314
4766
5602
5053
1102
5446
2587
3957
7594
317
6221
6658
7727
1280
8244
8929
5954
9636
9786
1950
9819
8155
2776
3453
513
4472
9007
478
1478
5014
8280
2296
8878
9019
9645
8145
162
9446
1140
4560
6139
4764
3076
2008
277
7420
1337
7714
6208
7391
457
4042
9924
4703
8383
3883
8630
231
6767
7125
6300
6914
3682
1051
7236
5599
9621
1991
3709
2999
3621
9819
5201
8083
4126
6887
6593
3619
3445
6646
3379
4010
2559
3710
7356
9119
6963
455
6220
9842
5794
4718
4216
1981
3591
5659
1274
1233
8823
6931
5295
4516
2558
2921
2271
7011
3846
4582
8932
4050
5296
1906
8437
506
6478
4986
4440
3655
6614
9619
9599
4604
3591
2535
508
1956
6591
4986
7758
409
480
2616
8594
7601
1731
1965
4308
1355
4763
3277
4579
6532
1131
7895
8213
727
8385
4750
1164
9199
5393
1207
5747
2213
5930
3478
8533
37
3565
7970
6230
6207
9774
6000
8745
9613
7065
3136
6139
9814
5794
8976
5820
3412
8918
509
3771
2435
7804
2756
7751
6838
4630
9372
8709
5787
3303
9348
5115
1196
2635
4143
1491
9836
2127
1741
7145
1038
2687
3045
1627
9831
149
778
1967
1289
5628
3226
9077
2288
4355
3413
2119
5824
5069
3185
7724
6281
7380
4670
9951
6348
8556
1311
8816
515
5024
4605
6560
7754
4808
1163
6202
2959
5568
8932
4797
4247
1444
4913
7928
5899
7557
7731
3676
7921
968
4054
8709
8877
3630
2249
3112
6385
973
1254
843
9926
7582
9928
9679
8059
6772
3545
23
3550
4349
7110
2705
5244
8442
6109
6628
2212
8499
2019
184
1706
476
614
6491
4571
2263
8155
7246
4026
9110
3848
6289
8644
2911
233
4278
2301
6258
3291
1274
5695
8271
95
8062
4864
2675
8604
1641
9015
2962
5278
8309
1746
8377
4634
7555
900
310
7686
6113
4519
1515
6209
3373
9049
4078
8823
9989
9918
1930
5041
2610
755
1611
7377
4462
2424
7898
9076
6429
6314
4243
1262
8427
7559
4514
8528
6726
8087
9276
4976
8358
5410
707
5098
2785
4026
7964
3026
6714
2890
2827
3940
6143
7996
166
5375
8390
9202
6053
7803
2991
8632
9453
3331
2929
9780
7403
5782
4794
8271
2665
6734
2304
3686
4080
199
9940
6102
6304
5061
5402
8783
3657
4008
9447
1138
3105
9900
2653
9247
1412
7742
3370
8739
1330
6405
1341
1873
7247
4978
5166
9135
3272
1224
5898
1899
5205
9095
1711
3210
8672
5486
3858
5208
8958
5712
5479
5278
5053
7416
6895
6678
3458
5052
6049
8980
6696
5312
9332
7485
4406
7369
3930
5474
9400
341
6635
46
8394
9897
9865
9045
9187
1018
1883
6447
8225
2173
4790
8427
6225
5727
6329
4857
2290
5261
1085
3715
2359
9440
7454
9835
5917
7983
8126
6516
5388
1554
3684
8259
2524
9105
4360
2463
3948
502
5280
1554
8444
2732
6633
9093
9345
6690
6662
4917
9255
6657
4805
7241
9547
6928
599
6331
7685
6235
1756
8752
9665
3876
4270
5573
2073
4632
9850
9024
7873
62
523
4237
4054
4260
7822
8765
3090
3947
5894
6715
2183
4985
8989
1060
2460
5889
5065
7789
1705
3806
728
5784
848
6446
1267
2686
2060
2479
3221
230
2142
4022
4386
1272
6785
8552
8706
6316
1653
9258
617
1365
7028
3796
4294
940
9378
5933
2253
4670
2193
5261
2278
3605
5721
1638
1157
569
4707
1633
6891
9954
8457
66
9713
4515
4226
3260
3081
2919
3819
5876
4809
6956
8387
544
1954
4126
9053
314
2102
374
7661
4111
5865
7552
3934
9051
7602
7102
1413
6150
2215
1265
8558
3660
8230
4383
3577
6899
9995
2923
4991
3737
3558
304
4490
4096
4386
5236
5109
6228
8598
4370
985
3485
8801
210
2256
1920
4653
1277
5578
6275
6511
9080
9971
8751
3569
0
911
8881
4072
7862
7764
9721
6747
6114
6461
1957
2374
3134
3160
362
929
7230
282
5129
9009
984
2562
3253
1037
8324
1335
9588
9598
748
8093
8249
5307
5279
1860
1061
8079
6779
2946
4391
3277
9316
405
8713
3949
9191
81
375
8149
3564
5150
3730
7635
3986
4473
562
5484
5153
2153
935
4621
7851
6763
6014
8898
2542
59
4994
4253
739
4071
8810
3024
6441
404
8912
2136
9819
726
7444
1246
8957
7956
6941
9563
106
793
1485
5481
7423
4523
8030
5880
1945
3460
6584
6317
5356
3328
9339
4452
3923
1184
935
5476
4162
644
5822
2523
6698
378
6903
1464
670
9836
4654
3716
6872
3095
6721
5177
6105
7937
2729
6568
265
4108
9056
4525
5147
58
5165
1528
9753
5017
979
6126
5770
125
5426
3927
5672
707
5471
6110
4927
7145
545
8724
6697
6819
7633
8586
7438
1417
6124
6359
8129
8031
8936
6609
2351
6490
4788
7644
9723
7723
6337
2611
8244
7325
6210
6654
7651
7977
7386
477
5799
1807
9197
6518
2024
8537
8562
9343
8939
4486
4700
5236
5231
8428
9857
6880
8874
3995
4912
7760
1581
1008
2232
2277
129
4216
7188
6967
1358
5985
4585
1170
2635
7630
4513
2600
6588
2236
9228
4997
4548
8724
601
4046
7253
6288
4841
319
772
6150
8872
311
9683
2740
874
5387
2683
2526
8570
9954
8775
8829
1339
9978
5077
3667
3074
2763
9439
1108
8579
801
3315
8765
8396
6198
6140
8473
7071
9521
2250
1600
1471
7790
5084
7715
3305
7246
1182
8646
8374
4167
3961
6592
6051
2630
3949
4953
7762
5177
6974
2941
7314
6274
3790
8376
3994
488
9550
9118
5500
7810
5953
1028
2557
2265
4953
7274
8994
9111
980
2152
2922
8952
4560
3077
75
3626
442
750
5321
744
2515
6894
707
5210
3103
1487
8701
4398
6918
5180
1573
1052
4164
8308
2920
8678
8895
6801
1867
5354
1504
1527
1173
5094
5131
9882
9891
9641
2962
3512
8286
2875
2104
6803
1971
6337
1721
9142
9756
4209
183
4813
5874
5119
6350
968
3558
2248
20
3502
4009
3679
3847
6797
7908
1588
7202
6310
5214
6248
4346
7549
5963
6271
6258
12
9239
9253
5431
6837
7243
2422
934
2441
2908
4308
4813
8278
6444
256
8234
6328
6366
8209
7794
6400
8056
9470
3014
6811
4173
9021
5574
4225
1883
3853
6157
5424
343
3689
1909
6147
5485
8305
7434
8280
6005
1476
3499
833
8432
6569
2982
1642
1080
4350
5775
6172
3187
4784
9020
1203
44
7561
2886
9650
9782
1426
5064
2193
4356
3499
6001
6257
4942
2159
5730
9189
7861
5622
9273
3366
4047
4615
8201
5518
120
6965
9475
3410
4859
9079
623
3231
6757
2975
6
3035
3280
573
5835
1783
976
5194
8855
1330
377
3048
5180
8056
3629
9556
9234
9629
9982
4689
1594
1753
727
7386
1910
2536
3381
7521
4010
7047
9456
8031
6383
2341
3552
6669
1469
9325
6290
3245
783
4842
522
3720
6858
9822
9454
1744
8972
9638
7500
9729
5211
8757
5373
7980
6457
6174
2648
6114
6122
4019
7214
1303
3390
6239
6916
2278
5574
1412
619
845
171
4839
7633
4226
7625
4905
4942
4162
7953
4688
4402
1027
1050
1600
535
1774
7719
8238
7156
6412
6878
5165
8628
8152
5001
1146
4751
3160
8893
5486
7236
1828
7803
2915
5725
2886
6159
1574
436
1730
1059
7647
7046
5580
1172
4755
6933
6337
5457
5939
5105
7116
746
8067
1458
9023
4236
1294
3107
6215
857
8388
7227
1815
7035
6437
359
2149
7194
2166
2360
7359
4025
9378
4602
7577
5959
5627
8777
8636
9689
5126
8598
156
3770
1964
372
5029
3815
8526
5817
8600
560
5413
3429
7026
5520
3059
2380
9384
8012
6038
621
1009
9326
5382
5900
399
6388
2250
2624
6165
4635
4117
686
5191
4381
8810
1280
2492
1499
7177
2212
401
5962
1570
6759
7519
9725
1136
9598
2575
2895
9626
4541
8092
1464
9954
9658
7223
4901
6935
9958
3532
1432
8922
9759
9425
767
4156
8030
1922
4703
2092
507
8562
7613
5845
3310
1992
3897
6000
8650
34
7654
6863
4314
8306
6084
6965
2161
9132
5920
1524
823
9966
2640
7311
90
7506
6040
1380
6185
1349
2000
8980
9999
7189
2074
2787
5467
9383
5024
3999
7587
8990
2285
6235
3949
1618
7823
7619
8276
3524
1008
7574
4501
5562
583
453
6903
5518
7767
7586
8261
1816
4309
6259
4770
8326
3960
833
6157
4891
698
532
1292
3411
4452
5896
7090
8917
3828
7600
2520
791
1419
6730
4322
8121
527
7113
6477
4415
9674
2257
888
4661
2654
3423
1335
3363
4340
3320
8329
6533
5563
2158
3819
7095
7651
4974
8410
8122
717
4636
3824
2543
1923
6197
56
7463
9735
9543
7075
765
8187
5435
4458
1875
6085
9746
7881
3474
138
4255
6851
2431
1184
4284
7869
9200
1282
9912
6526
7094
8114
9159
9006
9320
4486
7362
5043
8602
1162
5422
1898
2844
3342
2503
9414
497
8365
1873
9256
6622
7053
8394
9189
5112
2534
7592
4009
87
5491
2784
5795
7506
5367
5085
2409
3707
9990
693
4898
7099
7864
819
3126
4409
486
44
6870
3491
4888
1332
7136
9783
945
3014
2482
1939
9147
8833
6887
3230
3049
9874
5998
4411
6318
9234
9791
5346
2713
2271
13
9604
4812
8286
5214
622
8437
1019
3976
5371
1217
9809
3309
9202
9174
7754
4997
6937
3194
6773
1888
1825
2703
5014
3883
901
3169
5844
9719
2172
3022
2103
6830
1771
1810
4145
3205
8006
3930
5331
72
9646
4609
7483
8680
2639
1923
8129
1273
9371
1537
7056
4795
1166
4875
5396
4789
187
982
4043
2169
9701
1698
1956
9827
1499
8629
3693
2321
3208
3772
7630
3925
9041
2585
9947
6373
9851
3334
7233
9025
4116
3649
962
5822
316
5967
8878
2709
7260
7332
4505
2922
877
6608
1981
6347
8839
185
1933
1693
7105
4189
3698
6998
4111
5949
1380
2688
8017
3309
1789
2821
5075
3246
2787
5862
999
7331
157
7209
2152
4288
9624
3209
247
5726
4046
4915
3828
9370
2521
4858
1283
8284
6601
6012
7130
6332
7493
2486
9266
4766
9666
9360
8918
2092
8907
3866
5065
8305
6859
1305
5404
4058
4732
7684
7939
8193
8152
6372
3067
5106
9927
4151
8969
1288
1162
8756
7603
2840
7653
8388
3104
121
7762
9887
5958
6612
7216
6371
9179
603
4845
3167
220
5299
9524
704
3112
2268
5822
4820
2702
7127
802
1149
4258
3907
2586
4539
1950
2186
4145
3859
4526
9355
7497
6243
5676
4301
5703
8683
9566
3405
5709
2879
4781
2302
264
1932
802
6934
3226
550
2166
5913
3437
6361
818
5077
9365
8490
6994
981
2065
8670
4220
3115
2140
4957
6806
4270
3035
9022
2779
391
7959
4427
5093
9314
9077
567
9229
5290
2019
2108
8772
7027
7324
443
9618
8409
7404
8028
2742
9675
9202
6824
9032
7375
3504
9541
7486
32
6499
3053
2539
2735
8345
9299
560
1190
3916
8077
6335
1134
4670
1433
907
540
7248
5117
9955
4392
9840
2314
7572
3792
6982
4064
5268
6056
2826
4591
4894
848
7802
4249
2038
6129
4396
8348
4005
7221
5654
2935
4021
9446
9850
1667
2557
6926
4756
4171
2683
3369
571
3246
9559
6153
8891
3547
860
4672
4368
7474
609
2235
2788
5313
9271
9733
2423
68
3466
8338
1019
2938
3930
2444
9396
9437
5717
2981
8071
3484
1718
1923
9710
2846
7849
8393
377
2463
7769
477
3379
9714
7822
8216
6171
597
3866
9323
5785
3665
9445
8984
1069
489
8942
5809
3767
9118
5263
1754
5348
8972
616
8227
5093
5424
39
62
146
9466
8440
7389
2779
560
1135
2710
7699
8864
7517
2380
2336
8450
4619
1820
2044
7670
9654
5602
9743
2197
4227
3132
6596
2303
1429
3104
5532
1246
2989
6059
1263
2274
6126
1398
7607
6063
4255
4486
3378
8748
5169
3234
1756
6438
4511
4991
2055
2232
2237
4711
4361
6772
164
8091
1529
7564
452
9349
8712
6035
4714
4669
8159
5570
618
71
4861
3993
7953
4477
8691
1012
2398
4848
109
6672
9158
6569
4284
4368
5253
6664
7706
3346
9363
932
1986
2825
4843
9380
6897
9660
9193
6466
3078
532
622
7518
9974
6105
9679
739
9001
7549
6650
3118
5798
6253
4480
2004
6675
5323
8738
5576
1059
6736
1698
9992
532
1109
3284
4430
6757
9776
718
4916
7000
5325
5536
2077
553
778
9373
1042
2325
8129
9881
7779
9655
350
1509
9697
7786
8345
5081
5319
5167
4384
4676
707
1617
5358
3587
3450
8549
4294
2838
6799
3618
3898
3430
1085
860
8597
7490
1603
4608
6656
9056
4538
9946
3348
2542
7732
8636
3487
3091
1365
3808
1638
3553
7757
3157
7561
849
9717
9911
5847
2827
5656
3935
3253
5936
801
6423
3355
445
85
3048
9893
4791
8236
2068
8468
3086
591
9084
4375
5091
8085
2839
471
8762
4119
2320
2201
7477
7574
8061
6764
9283
4046
1036
9184
7737
1165
5073
997
7298
4665
5780
7581
1006
5118
7910
4030
1084
6199
3940
2407
4504
5844
3557
2392
1171
7798
7990
1862
3986
1858
9147
6861
8841
9626
8039
8152
7595
5640
1715
2236
1122
1900
7964
8197
4537
3277
3926
2293
1568
1974
3335
3529
9835
7375
1607
6518
3071
2926
9306
4413
7782
4806
4505
1146
4866
9198
6409
1385
7856
978
1974
4135
9583
7929
6123
3960
6834
2449
2784
1531
8280
9520
6778
7805
8103
8879
8045
6746
885
5766
2197
7159
4646
6244
1668
1636
3202
5707
8790
753
7706
2591
9108
7480
9846
6423
5604
978
1836
4543
1962
6748
863
8383
8050
9671
3720
77
1813
391
1244
1772
5030
354
3738
9548
3898
7027
3602
7893
4343
1840
6449
7262
5819
9489
8374
7770
7969
9315
3387
4451
7397
4282
3231
9401
4321
2817
7181
96
6294
1192
3271
7
7819
7221
166
9940
9110
5566
2907
9633
6009
6580
2657
2034
9919
1313
5662
7231
4555
7585
8466
3009
385
2561
8659
3988
8384
7094
2161
2847
743
8031
949
4853
5394
506
7027
405
8950
2881
2309
5566
3833
3384
4323
2957
1317
4235
145
6464
8458
8100
8350
4670
7776
6116
2990
5339
9267
4534
6197
9026
980
6333
7627
765
1014
3054
5817
7638
7644
6057
3689
2264
9247
9135
7835
5664
8545
2962
490
1624
6690
5570
6146
7622
7103
9784
7167
4414
1053
5001
9239
9165
9874
8554
8038
8014
2107
9924
9025
7223
5049
3316
3128
4290
5287
6134
6582
2052
4084
4546
1878
4204
1065
2676
7931
7195
9289
2658
8371
9715
957
3215
1497
6503
9075
2228
4972
1888
897
9145
3770
2961
4501
2407
435
1732
603
6281
4927
8988
6935
6698
5863
1626
4958
1564
2504
4156
2104
8812
9661
1719
7628
1196
2259
4439
9760
1128
4309
2424
9066
5058
8480
6434
24
1502
9062
2539
558
2608
5947
6314
8144
6824
9410
1275
8051
5825
2077
8806
3269
2218
5530
9322
2904
1667
7216
1170
3159
876
5442
497
1596
8176
1211
4770
5945
6310
3159
4003
8171
2717
6422
3400
8004
3716
2880
5323
9884
9871
6651
3131
8815
4430
2461
5111
5193
92
5594
9783
2095
9962
3774
2632
7389
8799
9899
7104
3031
3494
7615
3778
1082
8232
9084
6574
5766
7898
6961
2798
881
1532
6363
3101
2866
2950
4186
3062
6563
862
764
5330
1706
2672
2947
2012
7542
7172
6975
3489
6701
3077
1158
5765
6534
8882
2195
8478
5545
6610
1852
4900
6354
6179
8979
9477
4567
7339
3197
9954
3103
5152
9979
5185
7876
4690
9060
3628
8541
8976
7116
9617
8560
296
4376
264
4288
13
8105
3573
160
5722
1752
2738
3573
9218
6329
2438
2162
9828
918
3549
2992
718
2855
7085
6406
4729
5185
6453
2678
2242
2637
599
8337
6953
6513
3655
9248
9899
3468
2251
8819
9301
3847
8655
6801
7291
4569
1780
4387
2494
1617
5710
3689
2285
690
8855
2396
9840
5221
9868
5182
1505
2890
3318
7865
5941
2709
3139
908
7656
1494
6233
3106
1165
1711
4837
5766
236
1041
6215
7335
2173
7098
4900
3317
578
3331
6391
107
7918
3504
653
2712
2931
5075
7591
28
2507
1684
5632
9738
2398
2844
4958
9923
1010
1137
1016
3082
5755
162
8038
8632
1997
3547
4764
3479
2361
9183
4935
5898
5987
2146
3297
2956
5988
1396
1476
2229
1718
9153
3311
9255
2946
3666
9827
9243
2718
1404
8759
2343
3915
1584
9658
4679
2239
9032
2273
1639
9544
5644
3896
2899
5371
2277
373
4006
6124
1345
5047
7946
29
8925
6381
5180
2051
712
7762
2440
3677
533
7973
22
571
4702
2418
6513
9946
2538
5135
6757
3570
6453
9532
7245
8450
9128
7681
2233
363
6141
5503
5716
2600
1065
874
2939
3973
1661
9108
7993
7257
2910
416
3682
7968
6384
857
2757
6125
1999
1892
2194
3797
7544
5730
924
7208
4911
3709
5043
6886
6099
5569
5451
4715
8357
2094
6984
9057
17
5734
4793
7748
9672
5070
4445
6688
3586
7049
27
6166
9527
8294
3690
2011
3954
5633
9269
2849
2543
4774
1981
4300
1688
4038
7337
7585
2231
5897
6158
7064
219
327
5547
3450
8235
6757
5344
8118
1908
2513
6512
586
7377
3984
6661
1208
2605
7615
9313
7918
1590
8529
1543
4348
5792
7428
8209
2057
4413
6584
6291
9504
1657
3879
9297
4320
2571
2834
246
8103
379
2027
3832
57
1580
3575
134
9867
3811
6900
6435
645
781
5965
8149
5250
3951
3456
419
5750
3879
6179
4620
9113
27
9622
34
8522
1013
8454
4163
9646
3356
83
2660
3034
1862
3987
2416
9292
6442
1823
9578
9325
8130
154
4567
1664
8952
6599
3529
3403
25
9847
6391
9679
7649
5852
5893
3961
8416
3125
7783
8227
158
983
5046
6804
2481
2315
6647
1711
983
4705
9235
3868
2744
6662
9264
9839
1284
6
3249
3082
2088
6863
6426
2345
2572
4070
19
8668
9503
9381
1533
1188
6435
3385
940
2878
2718
1241
9245
612
7767
3420
96
2274
5215
374
3699
6804
4689
1209
1073
5854
1931
4400
840
6977
6681
3974
8592
396
158
1829
1164
6796
3117
3679
212
1158
4881
5987
6532
9252
440
1882
2632
1656
6021
1989
2132
8153
9483
296
8162
1017
3392
8509
6710
2042
3703
4229
3390
2288
5572
3209
7382
6705
3684
4115
1853
6556
1837
1936
722
2836
8944
75
6715
8476
5983
1599
8549
9523
7757
9857
9462
4716
6071
2974
2999
1183
7679
6240
3011
3532
4455
9530
3896
9450
6628
9741
1985
795
6956
1822
5131
6115
2566
9394
6391
4683
2090
8525
5816
96
7264
2188
382
2543
3666
531
918
1636
8091
6493
3501
1573
1208
9751
9811
9346
1758
6989
9158
8834
1085
2788
5152
138
6858
3248
2942
1634
7789
8747
695
7055
953
5780
5287
9507
3969
2732
2333
9861
7579
330
2400
2899
4455
4738
7954
143
2994
5243
3130
1021
207
8232
4184
5890
192
1435
6428
6476
5368
6931
9254
9218
1085
9045
2780
5710
3344
4773
860
1705
4104
5119
9351
4471
8636
8024
2151
5217
8412
9734
4711
3887
7802
5662
4939
6216
1309
8405
2559
3672
2271
4062
2648
43
3186
678
7752
8234
3674
908
9272
7926
2461
9257
9030
4937
1636
9520
60
9226
4057
614
5041
634
3687
747
1791
9934
2383
6149
2326
4744
1831
4422
8354
349
4398
6471
8016
9454
4716
7449
1501
6799
5213
211
13
4724
2501
8394
2282
5233
7746
666
9494
4668
5250
3099
7083
4148
9641
2542
1603
7146
5598
9722
3775
9060
5666
8803
1734
4110
9197
1092
479
6138
5823
5987
7809
9916
8002
6698
5425
5610
7274
8566
5848
5555
6416
105
6949
8841
4892
2102
6412
5813
996
6653
4166
6345
1955
7756
9433
9713
3718
9003
9351
8534
7961
2642
9435
1846
6126
7149
6993
9085
3627
5663
5607
3373
7478
939
5485
5587
308
9482
3343
8263
1121
9563
4354
8111
5820
725
6079
6908
7621
4959
7018
1150
1456
1953
3873
7563
2905
8503
7503
6444
5842
2985
1759
6334
6476
800
8667
2445
1165
1033
9882
4436
7730
758
5775
247
4052
1073
7238
1861
117
4602
6001
6657
2059
5634
4553
3956
271
8253
9183
8663
4284
5890
2677
2350
9282
8144
9823
7003
8326
3269
6055
2635
265
1775
8006
5044
281
4048
6157
253
2515
6484
5203
6575
9241
8938
2014
5386
5100
1166
4818
7153
5463
638
3386
4352
3988
4219
6020
7016
7415
7363
8045
2197
5182
8842
6247
2880
768
2473
1589
1536
9654
1622
6940
234
8298
2299
3845
911
9163
9039
9452
8573
1181
2040
5445
5497
1687
8161
4371
5368
4782
6212
4424
4257
3089
1487
3908
3829
3729
6398
9487
8110
5434
9905
4794
6991
1979
1136
7050
319
2542
3773
714
6778
9694
620
942
7688
4271
3104
900
4711
6006
4016
7067
6256
5548
8002
9670
7869
5033
3743
4464
6015
5675
3076
4256
8802
7130
2903
2412
3029
8223
5363
1688
9531
6399
7270
5758
2613
151
3747
8944
950
1809
5502
9999
464
8990
4587
6513
2043
709
2725
7022
3700
8152
404
2252
116
6024
1513
1435
1892
2068
5174
9890
1113
7360
8425
4463
617
1649
9890
3161
4563
7949
3969
7005
1783
6850
8399
8301
6671
8958
8248
3103
3079
3410
7686
3051
3945
9005
2888
1751
9435
6651
1078
1061
9901
8439
9207
4800
7580
2433
6860
7777
5262
7747
4462
3792
9713
884
7916
5296
1068
6333
6126
6820
2139
5342
1486
8188
4319
4239
4474
6254
9985
398
3883
1867
9933
3777
8568
1282
4227
3431
1449
3645
4839
2933
9348
4332
8993
9468
2428
4201
7660
9556
3301
8535
379
2822
1498
4879
2486
9651
2085
3591
6275
3990
1140
7365
446
1829
165
5509
616
176
7135
5651
235
1645
1750
8571
4036
5009
9268
216
8541
2569
8800
4620
6736
5939
7383
9297
4668
4276
2931
3019
6064
7050
9676
9874
978
3923
6369
1866
11
9959
7906
6017
2838
208
1889
7458
224
8844
3779
8397
5388
2778
1144
5933
1385
4385
131
695
609
4058
3605
7089
7809
3958
2896
3965
9646
2671
1808
1735
220
7130
8457
3311
4690
2613
8183
1583
6221
5159
3649
3425
5967
106
685
9493
6912
751
7642
7624
8151
8592
3615
6854
2107
5091
5817
2576
3466
4566
1345
727
5257
4192
3827
1457
9787
1769
9487
6383
3950
5671
2689
3027
2264
3631
7366
9289
2131
2814
7844
4343
5308
3726
2343
1825
5253
9909
6400
5308
385
316
8887
1183
1226
6158
7542
6809
534
9841
8712
4276
8852
9056
4792
6359
449
4579
1902
7777
931
4382
5488
6313
616
8122
5739
4937
2343
5817
6329
2855
4527
6391
5180
3475
5576
4880
135
5496
362
6436
5546
2516
7409
1776
8160
7365
5990
6444
4687
550
1041
7267
6794
3674
9772
6706
4726
7659
9466
1516
9766
9300
9499
6041
6703
7116
5197
8895
5318
5433
6321
874
9047
71
9319
3685
198
2117
7361
8593
6710
2923
5849
8313
4057
6570
7338
4882
3560
3583
4324
1096
2652
8302
8772
4118
3916
5171
9915
9375
1434
8631
8904
3162
5077
4346
2799
9425
7475
3289
3633
649
4042
9924
8155
4926
4721
8859
1346
6400
413
8949
1589
9591
6989
1979
5224
7221
7313
2995
2363
8482
7324
7990
708
7967
2043
1820
9213
1283
9085
8065
8717
2175
9388
5527
4845
8463
9583
1097
1801
672
8499
1692
7667
3823
9178
1979
3431
8129
9032
9509
3807
6178
7670
3096
3873
1979
6650
4925
4276
9767
3327
6187
2245
4844
5617
2216
2840
7022
223
8304
9253
613
3079
6914
2976
2521
235
3399
589
980
9751
42
8944
83
8512
1770
8276
7164
3226
9332
4457
3874
3377
4892
9239
4683
9982
1679
1156
4509
6445
8003
7721
1740
8916
276
8154
2626
7589
9051
6512
4407
71
9810
1069
198
9428
6140
1407
4065
9725
8115
6014
3344
8553
5731
6756
3861
5686
156
8974
6498
506
6090
6759
2786
571
4995
9214
4653
3639
4862
8802
8975
7222
8101
3489
9581
3056
2237
8701
4701
7396
5404
9789
7380
851
8375
4380
9154
5227
311
4090
4067
1776
1669
6878
8181
2435
8628
3453
7342
6389
8015
693
4102
6941
4851
7059
1669
7035
3464
869
5211
4867
4548
4456
821
3832
6172
287
7983
3972
2990
8458
5406
9329
6061
6032
4307
7419
9943
1175
1229
4136
8171
3831
620
5797
3822
7968
6655
3499
9831
1689
9944
2457
2707
5816
4107
3343
7163
5007
8128
5778
4063
3629
3067
4860
4057
2193
9561
7953
249
1316
8131
3788
6678
5857
2236
4097
1101
167
8958
847
7772
2207
4772
8279
509
6769
4169
8137
9405
4793
7240
9980
4863
4163
1654
148
7066
1417
5415
4467
5402
311
3972
6693
5783
4610
8256
7731
9092
151
8659
9215
6585
9646
5193
5479
4784
2303
5593
1889
4607
2858
8761
3504
4645
4724
6739
2267
2091
3834
6680
3403
6434
7142
5863
1338
2233
86
982
7657
976
1306
7409
3266
7482
7770
6065
1787
115
4186
4748
7362
7166
4868
4526
1535
4612
6661
7306
9321
1874
7758
5780
614
4392
9803
9204
8921
9311
6089
7859
6250
9216
2891
3353
1172
5287
7515
3547
7950
5487
6111
9552
8013
1887
2782
6364
7401
1806
9439
1856
2964
8855
8537
9902
2397
6318
3404
5225
9876
6266
4894
2443
9400
421
4406
5618
7136
8191
7770
500
2172
2480
9521
4795
6561
6262
4258
947
5182
775
9661
758
7789
319
8685
1987
3682
2629
7161
4396
2556
8657
7316
2978
3040
13
1976
641
6461
7826
4615
7057
4104
1213
2528
6633
6368
3101
2551
1913
8949
5500
3974
575
6192
3245
682
1577
8679
400
8312
1584
2130
107
4705
2005
8034
5838
565
9957
2652
4469
9124
4251
8204
9511
6708
107
289
677
7121
4245
8084
6880
6330
5214
5324
1380
3680
2695
5420
8973
9099
3766
6217
3916
2768
4286
4054
5046
649
3261
9674
3982
1805
8305
6483
5487
5988
293
5632
4815
8285
9933
7175
8903
1316
4841
2988
84
8766
5264
104
9930
9750
5948
5579
834
9611
6603
5328
3004
1163
612
7507
8212
7511
2247
4587
8325
9126
304
7055
2888
6119
3365
8092
7956
2356
3141
643
4706
609
4414
2574
353
577
4038
997
2054
1684
5402
8017
8916
2574
521
9951
7162
8907
8306
7056
5220
3968
3305
2923
4305
7924
4523
6979
9929
9229
921
2053
9569
3433
1160
13
3490
3342
534
9473
1059
8949
6553
4380
710
1260
1190
347
1344
5977
3945
4513
5673
4110
9092
8815
4899
8123
8847
4489
4852
9968
5967
1898
2355
4654
2105
7962
2782
4249
9877
8371
7121
9401
7312
6956
3251
139
7768
1423
9245
5845
233
6489
4813
839
5137
2943
836
3308
1034
5343
8777
7907
5944
9201
2596
358
5961
9414
8940
2252
540
7774
624
8189
428
6758
8449
3866
7108
4929
5781
913
525
7257
6885
110
7250
4686
1067
7919
8307
6889
4704
363
60
4139
8150
5359
5526
9563
6088
4772
2003
7886
7178
3633
9906
2830
3846
7382
4239
4
6952
2550
5760
151
9310
6543
8661
2225
5825
5596
3855
3181
6277
1525
9989
9909
3336
1620
4989
8345
7749
5840
9598
901
6593
1641
9595
1802
7156
9720
3075
3704
7616
8925
2927
3908
6670
4705
3894
5908
9441
6855
9805
8143
9715
4520
6296
3564
5400
7462
9012
1237
1531
5811
2551
5386
7555
1566
1223
4899
9300
6770
9816
7997
2700
2061
6629
3393
4950
8473
9547
6265
3598
2450
4474
250
1813
4408
5922
3801
6495
2667
9746
3797
2128
5820
6704
7498
4639
3935
3279
8678
5027
6706
778
5516
2570
7664
4573
2162
684
6820
7321
6045
4665
586
2327
2492
5925
303
353
4727
9485
7437
2817
6268
6766
8587
2577
8473
3854
3647
3281
83
5864
4458
4351
3991
6076
2235
8958
844
6302
5599
9046
6623
9468
9448
4048
4431
237
3385
1810
2272
4506
6849
9992
5155
8666
1323
2272
3293
7394
2346
8874
1745
3376
703
3950
8817
5504
3571
2732
9859
8304
4961
8895
9590
6608
3824
704
5813
8327
6724
6891
7085
3479
838
4511
1153
301
5732
6990
5857
5788
5025
8624
7902
3161
2418
2638
9035
4679
18
5487
8220
5896
8906
4956
4479
5641
6188
7382
1081
1748
8067
6094
6043
8321
5596
6614
5994
9474
3721
226
91
294
7082
1884
7357
2848
8731
9275
5201
7344
7677
189
9165
1035
7026
6746
8770
2046
29
2297
7759
2170
8698
611
9834
8649
3950
5180
4954
97
2595
9103
635
9588
8641
7010
6094
8454
4569
2872
9149
3757
3285
8869
8506
302
139
3176
1075
8345
832
4592
6843
7244
559
1522
6634
8573
9373
3329
6064
3454
6501
2892
9590
3896
7969
1704
4292
4047
5248
1694
384
580
4497
8614
1621
8201
910
4301
9708
8005
2446
4049
2675
7740
303
5216
8410
7468
9430
7764
7567
5807
4355
147
1556
3624
2098
5635
4456
3976
8819
1655
5199
8113
3928
4189
8243
1534
3941
1781
4787
5339
620
1681
2652
4976
4128
5303
8000
697
5699
6246
3669
4694
5986
6349
4742
788
4708
7598
4029
5728
7427
4254
4952
974
7132
3475
7205
7391
9188
218
4686
1944
2116
4755
9365
3103
4255
9501
1060
8706
2486
3190
3493
8721
1091
8614
4384
2622
2433
7181
9627
9679
6533
600
3653
835
2753
5481
9299
8741
7316
5986
3367
8597
9877
7441
2603
921
4296
9887
7114
8960
6906
3567
9453
4465
7674
7890
149
8903
3423
3762
8179
3408
6118
7257
6984
638
2962
8066
1019
7155
8836
2943
7578
9287
1941
5540
5942
1108
5388
7344
8519
5083
9782
8382
9784
8153
7626
2677
3300
1398
2601
5062
623
249
8831
7029
7960
4203
4781
3814
7550
2921
9473
6499
6257
2317
6149
9894
1053
9197
4577
3969
5395
1192
6962
5427
6824
3460
827
586
9711
6778
1853
8540
2936
774
7550
8477
6910
3647
6346
6239
8511
3505
9268
5247
7373
5966
5654
1018
5693
5890
214
717
8030
2736
8635
834
2921
6834
2569
2169
5526
5367
723
4553
6542
3541
8836
4912
4198
7441
8576
8679
7426
2882
333
3454
9512
7888
5721
3244
6772
9229
4705
999
3379
2979
7733
3282
5806
344
967
8721
671
8819
292
6717
9493
2720
6056
6753
163
7180
3320
5418
1528
3727
3320
5310
814
3394
2481
1563
5439
8603
8026
8029
4286
8338
2220
9035
4874
3093
9707
9363
8333
577
2529
3279
4174
8935
7943
3520
1330
5267
4219
853
3854
1653
1692
1272
9250
9438
9511
424
1971
1543
8077
4237
3521
8140
8952
4179
370
6027
7376
7726
1473
2929
773
676
2769
9924
1270
1659
7430
8338
6072
4147
4574
4000
6409
5873
2505
6570
6096
8206
8824
4327
4106
3530
5886
7183
790
2684
6907
2439
129
4147
6553
6456
4472
4351
767
2768
5852
4732
7915
5376
7175
857
203
1366
4530
3047
3075
1531
5592
5365
8960
8814
9510
6011
1776
7555
1893
8587
4913
8569
4635
1715
9453
8525
1806
7081
9447
6707
2326
3110
7623
3048
3707
6791
5408
8671
3162
3696
2135
4492
6035
4949
7308
8528
7580
4076
9162
3411
7035
9048
8326
5620
7702
3272
4693
7519
4400
1664
1868
7962
5826
1544
5744
3963
1766
5943
5021
1821
1926
6023
9426
8576
4867
7341
7206
3955
5876
6670
3735
8192
4100
2380
9820
158
7735
4067
4904
1561
3215
9220
6844
4206
3504
4092
4474
1923
5364
7267
1356
9704
9294
3466
7325
1969
8481
8536
1278
4379
616
8386
2194
4010
3227
3388
7273
4319
514
6654
5949
9132
5704
4207
3718
2757
2292
4904
8455
2590
9200
5623
2674
2224
4886
4806
7253
5232
3160
2104
4655
9254
9955
7622
802
769
6017
8486
7521
6290
387
628
839
5840
6859
1894
996
5359
2009
4834
8177
917
6810
5784
4696
8192
5831
4113
8786
841
2782
5529
860
3563
1738
2833
3316
5923
819
8409
9197
558
3772
2652
9390
7838
9656
7514
2937
6198
3563
28
333
6783
6770
9220
2746
8320
9510
3212
4684
2097
5442
9795
588
6440
7425
6392
8301
2908
5924
4824
2945
4401
1691
2759
6363
8956
1734
6476
5765
2351
1338
7701
8573
680
3724
692
8372
642
5572
5201
4775
650
515
3155
4310
8174
5972
5716
4848
61
7060
8201
5346
970
9505
3202
7576
8466
2548
8411
759
2964
338
4840
76
7645
3289
9176
7005
3105
1578
3524
3111
6996
6578
3282
4609
730
9323
2618
8664
8481
5541
6555
5433
3736
7570
6133
4797
8054
3440
1381
5158
6072
7386
9352
1631
2242
4463
7624
1338
5929
9985
94
9518
1719
6538
877
6118
5690
1056
1413
7729
2408
3454
4582
3052
4430
2110
9699
7316
698
1303
1249
9457
8036
3772
1678
2248
2369
4100
3974
4063
1019
3129
3172
1633
6966
8678
9718
5617
2926
1257
6504
4847
641
9900
7962
2847
5170
4479
8060
5005
1510
5402
9444
5536
8599
1675
796
65
1940
3539
4316
7516
9805
6177
3718
5073
5593
6258
4348
9551
7194
90
191
2912
1116
3831
3468
616
521
7970
5019
1400
2625
4000
9850
3375
4867
4664
3168
3680
2929
3518
4334
3018
6851
3896
7483
8308
3156
9460
2678
4458
1223
6061
8339
8589
2664
2741
9937
9641
3835
5955
6691
6889
8089
1491
5273
5227
430
6831
1966
1726
8523
9134
5857
5897
2884
9420
1274
134
3479
2697
2089
5478
9396
524
8049
1949
4411
4208
9777
7274
4261
252
1913
4668
5770
9600
2133
9416
6937
7776
6122
6951
9303
5297
886
6248
609
3014
228
2519
3481
1579
9263
4667
6796
5768
7630
5215
9584
8253
5359
6471
3487
3238
9917
971
2016
9040
2518
4902
8599
9337
9161
7153
2681
6153
2499
3312
1898
655
7297
5746
2009
3069
8994
9443
3360
8319
6327
8284
4317
1497
6320
9390
4834
9720
4051
4815
8846
6237
581
3284
9516
5983
7457
4059
2041
6640
6002
6585
7964
7346
9621
151
2001
6090
6175
5291
671
5167
3379
8710
3521
4065
7826
425
2345
7048
7728
5901
3943
5857
5818
2831
35
6944
8673
4164
4489
8792
7244
9486
6208
5800
469
7346
1685
6534
6635
5957
2768
9829
2248
54
8196
4490
5176
6869
710
2617
9605
1303
6973
4202
2520
8257
1017
5845
1934
4777
1344
8441
1722
6233
6415
6349
275
17
6061
8595
4278
1094
1828
2675
7609
7881
64
2565
7738
4409
7145
5549
429
7016
7898
4206
8257
9981
243
1885
1157
3261
2509
7958
7712
4754
33
572
2319
8634
7204
3262
3863
6157
7332
2960
7013
4929
1669
5844
161
6750
7488
8608
701
6540
1571
3207
5866
7383
4235
6112
2270
7137
3176
4267
7538
6349
1865
7391
2976
5443
6260
9072
9667
4558
1014
5097
5617
1343
3376
6602
2201
6764
6966
8680
8530
2369
4794
3666
122
4118
2810
46
5262
2827
2143
7018
3677
2903
1158
9861
5926
8415
6346
32
4232
6365
2523
1469
1307
8486
8564
4288
8804
9314
8686
7798
550
2927
3350
88
7271
2040
598
6330
6840
1650
8697
3884
393
8923
8975
4543
6505
6078
5933
848
5417
6623
7924
6165
8954
5965
135
2408
583
1646
7368
4885
8762
6420
8159
3711
8127
3596
1344
3773
1873
6519
9387
9136
4449
5005
8787
6913
4200
2265
9086
9644
2694
8874
2518
5769
8181
4677
4823
6245
5524
1095
3226
343
3489
9004
6396
3569
9282
3747
80
9229
8139
2921
3049
6034
5847
5115
5612
6336
8907
2506
507
6868
6403
3314
3261
952
7138
8092
6315
1586
2273
9443
1007
7324
8938
7530
8593
7161
2084
9925
7858
8742
7749
817
3206
1354
7983
6607
1394
2628
2226
7232
6
6596
2285
5614
5446
1647
3819
5685
2196
394
5035
9411
1598
6030
3371
8736
6574
873
3677
5188
1699
9356
3927
7764
9090
4706
8417
4899
7990
946
4359
8806
2819
1641
6895
3133
2614
4007
8569
8826
5108
1689
2172
7142
3397
529
2034
3398
4252
8590
6700
5566
1438
1184
4221
2364
5677
9021
4903
4579
5498
8478
4073
7747
7915
3604
2140
156
4489
7090
726
2428
9097
9255
1498
208
6309
1203
5040
8664
8848
2240
5233
9141
832
2222
826
2823
5025
6464
1816
4687
4229
8352
7324
8180
7101
6517
2693
7182
4273
9281
3280
2225
8293
9391
573
2064
3237
3548
8315
1192
5681
4991
8766
1313
5412
1648
9280
4880
7079
2659
4335
9766
5688
1061
8473
3027
85
8747
9076
1028
3031
6839
4665
7737
6594
5070
6546
2010
3269
7051
2021
9818
1728
9646
3894
5962
7683
878
9599
5489
8313
1256
7696
4241
1676
1385
3534
3336
5747
5213
937
6368
2195
9874
2635
9836
4894
9180
237
8122
8888
1537
2758
1407
7284
8681
3626
4792
1114
7231
9997
2033
6923
1922
6251
5022
1489
7499
8877
8479
156
1587
7799
1608
5337
4186
3441
4191
2092
8765
3064
3659
776
8736
9428
1709
5715
8981
5408
2908
3185
9014
911
6880
4905
3607
5650
5550
9986
2894
2198
9201
7329
5990
4993
6264
1069
4052
397
9934
9594
9304
3910
1850
1262
747
8915
9926
9922
9390
7880
3835
4837
213
1298
2477
9106
331
7941
2055
5037
9618
1542
7314
2177
9668
9123
195
22
2407
6769
5072
3566
1573
3610
4040
1005
5458
5910
6951
6375
9540
4127
6031
4579
4306
8996
6403
57
5413
9049
4922
7602
9039
7211
1849
9228
2738
9123
5719
2416
9164
4158
4906
8196
5699
9150
125
4583
7510
3102
1311
4090
5741
9591
7520
7428
226
3992
995
5484
2514
2411
7295
3791
1108
5911
499
6109
1735
7879
6432
3839
3385
8062
1183
6444
3160
3908
3906
7887
9702
7882
2913
9475
7392
549
1937
7633
1840
7560
7400
1150
6897
9843
2728
5728
2061
659
9162
6616
2225
3769
4242
1615
5947
9688
3284
3137
828
9374
7717
7435
1274
3388
5070
1631
6531
2171
2430
9569
8528
9402
880
6824
9110
6910
680
6749
5686
3020
8605
2101
8204
2214
9640
4425
4432
6901
7231
5980
5090
6805
8519
4492
5125
2050
2010
6787
4202
3177
9278
2409
6022
5359
561
189
9853
6392
78
4489
8992
8560
4167
8843
4930
1414
9667
6950
9915
2618
5868
9787
6232
87
9448
5534
7092
4097
8174
5901
876
3443
1125
7838
1321
3014
2325
175
9640
1874
5371
9552
4514
1010
7345
3517
4626
1216
3746
4540
9989
3904
9840
7258
4457
9247
9766
9734
7317
4920
7237
7165
2691
5423
1224
7685
7936
4298
4305
7338
7538
2224
3214
4034
5898
4256
9603
6369
4306
2031
496
2315
6012
49
3283
6619
418
6728
9848
1466
4113
9697
6875
4447
1301
9748
2976
3056
3519
7059
6548
5993
1342
7472
138
2344
8462
776
6109
266
6070
5197
681
6037
2558
9920
3804
3497
6389
5928
827
2672
7958
4176
8969
6001
1947
8105
1121
5012
5106
643
7830
1127
817
3336
4312
6633
8386
9211
8304
2927
232
7044
3032
2860
8186
2734
8628
1652
1959
5621
5406
75
7399
8269
5003
6765
7020
6623
2466
4417
7307
2335
5764
4099
2666
4198
6465
8704
1512
6918
4164
3240
4085
5500
3945
1653
7514
8094
6857
1671
3642
8293
2517
8444
2929
5149
8608
6048
8628
2618
6558
3248
7535
1069
4176
8203
7792
4698
4099
4146
1671
2839
1562
589
7495
7493
6619
836
1750
2625
5564
8306
6394
5070
7997
1311
9493
7026
8431
7731
6663
8206
1342
2174
8691
5751
1324
6087
1970
4185
2133
5298
57
6709
1440
9549
5705
9982
3304
6096
8046
1210
1131
6850
1834
3066
7357
7962
5853
2810
6213
9329
9185
2161
8673
8049
4315
9368
3176
4363
3428
8381
9973
3655
8355
318
3592
7662
6086
9526
987
5032
2744
787
1958
8922
9732
8558
1005
8067
6600
4492
9343
8489
5716
2689
2154
2922
8183
9052
2683
4870
2971
7827
5485
3104
8020
7890
6124
9236
4109
6902
691
5520
5619
3012
8131
7237
6541
8417
6387
3370
5035
3811
8910
4811
637
4234
2080
1329
2195
4062
7350
7057
8018
3918
4119
4145
1034
8468
4957
6950
4745
3407
3819
7314
4723
1760
5543
1663
552
2724
4924
8104
2502
3208
6333
5434
1698
7101
8186
472
6094
8477
8575
4560
6428
2651
7174
4145
5240
1770
6372
1165
7595
8908
5903
3452
4432
7079
9881
3474
3572
8513
5688
117
5503
5438
1998
8992
5953
5160
9547
5189
7016
4683
3421
2687
5833
9438
5085
72
3946
2488
5823
835
2823
6409
5990
2150
722
3471
5024
1498
9964
2073
4009
8572
7350
5511
6787
6644
1235
9706
7288
3782
6713
7626
3423
2932
7263
6777
8044
3605
4577
5794
2832
8532
597
8595
975
3456
6609
2709
9004
7711
1006
5116
3228
5460
2681
8442
5143
6450
4110
7910
1021
5607
8766
1862
3412
4596
3033
3295
8469
7513
6788
202
260
4946
27
1028
3052
7657
555
4849
7756
4484
5214
9542
4037
7835
1424
5328
3677
4517
674
2379
5245
9551
1910
8835
6305
2275
5168
9050
4413
2060
9727
5055
9473
2360
4458
5584
4028
7816
6390
4866
511
1545
8103
8745
405
9560
8507
77
4379
3945
3276
9479
474
6901
752
2162
4432
1060
80
2752
776
3070
6569
8979
6536
2990
2135
8704
782
2194
4871
9832
8684
2566
2303
8591
6881
6576
1149
8345
844
362
4767
1948
9886
1793
5749
8814
5837
6508
7076
8336
4043
379
444
8253
2027
8205
786
1055
9864
8560
9233
1175
9230
3673
512
2826
5803
3783
607
8739
4845
3330
3347
1129
9782
5729
9093
6804
5139
9371
1464
6935
9474
187
3371
1916
6729
5642
2288
6374
5985
7925
5643
7460
6511
8460
144
3806
3849
4040
5886
959
1801
2716
431
4762
9294
1976
5966
2008
3088
5973
1538
7293
3966
9987
3252
5398
6623
5068
2814
2860
372
9831
8559
2237
7441
5667
3309
1069
561
9357
2775
8886
8505
9947
1446
7727
3687
4434
7936
4843
6122
516
1478
9571
2066
4858
33
9207
9343
9479
7198
9870
9140
2068
3305
6024
661
8949
9918
9149
340
6390
3061
4093
7183
1797
9001
9249
553
4258
6598
5997
5153
9687
9792
2410
2945
5581
5651
7238
7590
3469
6055
1161
7178
2291
7717
8784
1156
420
7664
415
4652
7537
5535
7782
6934
7946
6942
3196
6621
7951
4294
432
9245
3442
667
4378
3507
8337
2364
426
854
5965
6190
6857
9472
6921
1766
322
9296
5041
1616
6283
8719
8735
2163
433
5817
3408
389
875
9837
2650
1020
570
4080
3966
8535
1287
3821
3637
1877
3770
3247
3783
2237
2611
9268
957
2585
4858
9551
5361
2472
4561
2022
9571
5034
6663
8040
120
8053
9144
3783
3125
2576
4514
3214
7637
9486
9011
9180
1295
2823
3067
8
5596
5189
8013
2503
7022
1061
4276
4051
40
6538
7061
3587
9557
9935
9098
7819
5187
5045
6147
7219
9493
377
6184
6900
532
2980
5479
6101
7661
2957
5727
1890
5229
2086
8624
2453
2095
8684
8564
1910
3239
1599
9868
7553
3176
1004
3797
1664
692
1540
3833
8131
8365
2418
9688
3977
3498
1556
1489
582
7341
8654
2577
9464
6481
522
852
8596
2818
2700
6576
4288
659
2681
7276
8489
2435
5748
4308
1257
9484
9162
9368
5823
2805
6049
1547
7931
1240
5580
5495
7423
682
8897
2826
3796
9686
4760
9971
6136
256
3615
1874
5053
4936
9339
7152
6052
2519
1755
3806
8106
7226
340
3496
5385
6357
1466
3840
7019
2957
4482
4619
3095
6324
3880
7658
5230
5431
5801
8491
4076
4184
9651
4958
6415
753
8011
353
8087
7595
2159
4333
5218
9161
9889
9245
4340
1514
4258
782
6933
1141
5681
9769
3659
1174
148
57
6879
6794
3100
7149
176
1098
8617
9870
4776
7639
3291
4401
9238
173
7779
1075
4863
6237
5916
8074
9193
4771
8538
4825
1847
8278
8815
7143
1259
1865
2918
1142
7185
1360
5153
3497
7152
6879
939
5357
4687
4811
7362
3978
6502
3668
7815
9646
906
5172
7028
1538
7781
4756
4674
8787
3565
9796
646
504
7357
4209
6482
62
3821
1637
1550
9096
5200
7990
4916
8207
5012
6056
4262
9260
7142
8530
2126
8587
9085
2787
5880
9365
6422
8783
9421
3049
3532
533
3660
4262
5058
6040
2517
9848
8353
513
3919
4788
9047
6228
4983
8899
7720
1394
3711
7693
4462
5384
3223
5636
2152
4900
2639
2547
2671
3922
1405
6731
3241
174
4037
7390
6916
4218
6323
2733
3371
6047
7092
2417
24
51
9676
1421
1316
9016
9051
954
903
2989
1246
7895
9246
5584
7077
417
4122
8542
8352
4263
4674
831
1281
5240
38
2573
3340
8750
8845
1289
1749
3297
1151
6508
9064
9379
1797
722
1804
4659
6555
5545
6459
5035
4370
6709
8991
2511
6270
9965
3549
8237
5545
2935
3903
6096
3742
6684
638
5564
3673
1664
1978
37
6041
2142
384
2519
9956
624
1824
1202
8415
2984
2053
5098
3280
9429
6856
2741
6367
4145
2902
3692
8180
4613
9518
6885
2207
1792
6110
9904
2656
4294
2585
7336
7417
3814
257
7004
7443
6362
155
6355
5466
3319
4784
1286
2976
3969
1963
3955
6962
6480
5969
6387
1626
9950
1355
3537
3555
7877
4822
2809
515
9614
5644
5413
706
2345
2861
2799
8649
3005
9670
4130
3784
7010
6580
7113
4056
4943
6941
6395
8093
2729
9407
248
16
5437
4245
8110
3187
5676
9251
4776
929
6201
7445
1894
4261
2906
5278
1341
9889
5033
2139
6023
7026
981
3248
435
3515
2144
6237
3703
5245
1011
3602
8776
5465
9331
2245
6544
8852
705
8902
7176
6866
3227
5123
1155
9645
295
2719
3259
7566
96
8607
8812
1176
9123
4998
7937
9124
8965
1053
7321
8490
9922
2838
2667
4309
1147
2596
3455
5016
6022
7737
3368
6214
897
5864
9931
4020
7244
1041
546
3961
7417
404
4535
8091
7964
9917
7734
6658
5924
1767
9398
1398
3032
2972
3856
3395
6439
1917
8813
7053
2261
8328
425
7114
1091
8003
3897
3054
2345
5599
4851
5183
684
7347
5553
4738
9219
1235
2881
5501
5412
2480
3686
6760
9843
5667
5293
5448
8713
2926
2821
270
8345
2900
9792
5179
9370
5800
837
9534
9737
9630
934
5338
5808
127
1203
7873
5277
9209
5907
8705
4731
8191
7108
3053
9930
401
1720
8323
1758
4640
938
451
5931
1254
2505
409
4611
9880
5283
5706
9599
6457
6471
7494
9764
1335
2842
4318
7350
2136
1976
8834
6244
7262
5935
5009
3822
948
4267
433
5960
3873
5537
4984
1352
6686
1469
5179
6377
576
4323
7625
3266
3164
9071
6858
73
4698
6158
7184
5398
3721
7405
3589
982
5925
3281
5574
4545
3333
5621
331
6058
3081
47
9217
3528
3541
7457
2860
5405
6559
1640
4521
80
5209
6061
6625
1918
2711
7128
506
857
4533
2138
4009
822
9295
3823
1112
4563
9827
5271
6025
7688
244
8843
9894
9048
1506
748
548
1793
955
8347
3981
4787
6700
325
5392
6242
142
7822
6389
3810
8276
174
6059
8404
687
1665
452
7373
5919
5429
9042
9475
5757
8340
2278
7915
4642
6464
825
8612
2555
1701
491
8087
3971
9335
6840
8292
5727
6940
3445
2292
5351
5293
4350
1412
6883
4975
238
9164
613
200
2923
4635
4051
9554
956
6770
2443
1820
3586
8313
9934
9011
2538
8055
7247
287
7239
7315
2631
8803
7287
2673
2656
1748
9121
9090
9532
7063
2759
7169
8042
3349
1713
9775
8818
252
5949
5752
8022
4195
4267
9937
6643
9811
4780
4398
9565
1751
6319
6903
3726
7766
3645
4768
4442
6745
7647
8519
4526
6725
3028
7987
8197
24
7654
5742
4326
9722
5248
4400
9804
4666
6792
256
7821
9498
1733
2590
4800
6171
7822
7786
1714
1139
5314
950
8080
1024
4819
9198
826
8654
2071
1202
5013
7910
7848
8922
1434
8704
7483
1627
4384
1450
8842
4982
1502
906
6855
4937
6854
7802
8556
1112
3161
3413
5254
7376
6852
2345
1745
722
6005
5947
7772
4637
1790
1832
7487
3432
3762
5220
8181
9779
3419
8129
4955
2017
9106
7128
1939
2644
5802
5460
4517
565
9887
6038
3568
8520
379
5057
800
6003
9670
3744
8036
5811
410
9520
236
4007
143
4409
3725
1589
8928
2484
5772
9879
2372
9184
3925
7456
2989
4064
6140
40
2229
2397
3381
6199
5309
8358
3374
9201
4895
1695
1043
4015
5139
5895
9918
2982
1589
2945
1042
5471
3233
469
8991
3060
1050
2044
6311
7237
3289
6575
7523
8786
4669
9482
1258
3078
8768
3786
3394
6991
8065
4442
3358
7713
726
7381
1308
9253
6922
2999
3285
3797
8618
502
6666
6624
313
7096
6871
9260
1206
5555
1066
4029
755
3798
9856
6670
2897
3447
7187
1113
8555
1978
3379
9736
9846
6849
8855
2051
8359
8911
9357
6502
5342
1194
8001
4515
4462
5356
1256
9485
1996
1939
4376
4187
620
4553
6932
1635
4644
1851
4625
6636
3645
8986
2026
8372
740
2468
761
8630
1577
6712
8823
5457
4911
7455
5912
4498
5967
8765
8014
1324
5266
8460
8646
7201
7703
7568
999
1691
7294
8274
8411
2916
2774
7711
2069
2096
3994
7632
7246
3662
6523
2557
4847
4135
8377
9032
5497
3020
19
6717
6713
3689
7457
1105
9587
5607
8336
596
9670
4857
3586
1393
8299
8806
1940
6314
8113
6394
6688
591
587
2444
4620
9550
1450
1315
7659
9384
5901
2831
4596
5414
7079
4299
2840
7747
1259
8569
9046
5297
8401
2357
664
7737
3128
2046
7782
1816
3564
9924
7322
6251
7978
687
8233
2315
774
3635
7239
9024
1777
8722
9006
4873
6295
1850
4299
9873
5464
6300
7652
755
1360
2108
3474
21
4671
9027
1644
2832
14
6536
2128
2609
5677
2418
352
7025
6640
1936
8478
525
3538
8223
479
9134
504
9412
9842
7560
5617
772
7464
1005
2728
9027
4513
1395
7045
428
8666
3720
6657
1561
665
6039
8784
545
7031
8896
803
5021
7544
4221
1363
3964
4636
7911
4478
8140
6921
7399
5923
8114
5770
3658
4437
9961
4307
3310
3550
5367
7422
9966
7022
9370
9117
7765
7717
5221
3825
5205
8179
7192
3862
490
979
4463
9085
6180
3044
7221
1396
3008
9532
4802
636
3890
1205
4742
1808
4995
8003
2569
9224
5528
6205
2899
8529
7979
9267
6976
5152
1185
3426
6296
6446
9599
1438
6615
2562
5132
1295
3339
4900
8442
3670
970
9947
9560
9121
762
9496
9481
2232
6542
701
6724
4400
8739
2815
6197
4143
5890
1227
19
4523
7020
1878
7645
4727
2487
385
4178
5372
9466
2762
441
2569
5122
7951
4917
4271
5073
5169
9144
693
6202
9293
7885
2215
48
4611
7274
8586
3677
5461
946
1554
2694
9925
3054
1638
1585
5599
3080
9123
3296
1469
9411
4121
4406
5946
1218
2311
4700
660
9763
2103
327
1207
8539
8993
4987
9083
7063
1947
9970
4480
1506
3156
1985
5175
4273
4739
1235
6535
392
8694
9527
218
995
9289
8867
8793
5563
3236
2036
1197
7349
5255
6146
830
311
3716
6497
2975
6550
7715
5459
9006
681
3142
4931
4623
6905
2126
4043
806
7818
8276
7613
9792
2837
3613
1575
7788
4407
4722
712
4407
7401
669
7188
2115
2339
1805
4425
826
1085
6368
1425
3526
7590
1345
4039
5188
6571
8583
2854
2904
4534
4439
6405
2154
9570
3366
3790
3540
8684
495
3469
7524
2532
3838
2353
9397
8680
8899
3736
9482
8028
4676
6827
314
5150
861
5761
3728
3869
9856
1890
5568
830
9299
9844
200
8497
5750
8530
1567
7628
2117
6655
3845
6726
6082
4768
8967
6896
1608
7214
1980
2076
3244
571
2200
689
5629
7030
22
4507
6554
1274
2034
266
8191
8478
5507
7381
2626
3085
9661
3897
5495
7413
8449
1690
120
9255
8849
3776
1752
2968
7135
9870
6183
6913
7235
5330
2757
5513
9056
5986
8288
2519
3286
4622
988
5830
9165
6541
8222
3718
2979
55
9337
5548
1825
7027
2432
7772
2550
9874
9444
3641
6574
5682
8512
5550
7163
2797
9972
681
3420
4746
7478
1108
2441
4382
1648
409
7899
2811
1192
3770
4787
7513
4995
1461
963
9150
6567
8290
7214
8706
7706
8778
5340
7450
8412
5057
4280
7097
6843
922
1359
195
8148
4353
3756
8777
7005
7980
8342
3577
4373
1017
2787
7675
2069
5838
8287
536
7248
5325
6787
5711
1983
1619
1500
379
2594
6554
3420
5208
9526
1320
3933
8148
3295
4060
4651
8452
5475
644
3546
6872
4238
2486
6549
6318
7260
274
1942
2893
3976
1852
1696
4623
1246
8350
2524
9242
5528
3031
9522
6765
9590
1656
6585
3506
8645
4295
7846
9163
3215
3196
1308
2688
8910
198
6587
8913
2510
7347
3442
7208
9850
4556
6982
9184
7393
1821
3385
4498
2829
3294
2860
7578
3351
3189
8587
3188
3332
1742
1236
7333
451
2699
9864
3709
593
5789
1913
6828
8846
3968
2205
4155
2741
1366
680
3329
9185
2586
4640
7636
4115
1190
3285
9560
4072
5767
9814
5846
515
4934
8423
5085
5707
7559
1723
3299
2169
1012
5011
3950
7401
9289
2937
23
9786
6887
2163
2876
340
2819
4602
1562
4948
1647
9990
8663
9691
1791
81
1972
6078
4591
801
5749
5196
2006
3080
7774
2821
9945
8545
4350
8523
4506
8758
7274
3529
404
868
492
7011
9655
2605
9452
2064
9426
7238
6019
9055
8463
233
8557
1443
3826
9821
189
5214
2326
1223
3570
2792
4364
5280
9095
9919
8002
6261
4986
273
9849
6256
6385
2971
4761
8857
9381
3276
1305
8797
8509
6459
4934
9491
2867
2949
9912
7177
2589
5826
387
3727
6184
705
8863
4247
4039
830
6487
8410
9773
5334
2590
1863
6651
4059
7286
808
9656
1926
1522
2974
9310
4873
9963
8181
8591
5738
141
8572
4481
924
2836
9369
7815
7620
6271
3438
4586
8593
5735
2016
314
708
9949
2250
271
1748
7943
7587
4252
4862
3054
583
7769
964
3892
3815
7844
6665
5505
6332
2286
8934
9087
9704
6348
7845
8339
1041
128
8719
3015
8305
964
8254
3325
498
3664
8904
5016
6060
5133
7895
4955
964
4612
8208
6076
4653
8321
3862
9758
35
8082
1033
2942
5344
3797
812
6462
5640
1253
4697
8508
9643
6374
2734
986
3437
6959
9438
7432
1402
3885
6341
2285
6289
1147
4312
9213
7198
8886
13
9947
9520
8271
7194
6037
9367
2528
6369
3945
6647
613
8067
3808
2223
3085
6948
7046
8598
8007
1030
8017
2041
6786
2721
3244
9456
273
1325
2316
864
530
1024
3361
5484
745
2792
9481
7813
3911
2168
7811
9642
1297
6446
3788
4042
7176
8982
3278
8121
2241
4024
2849
9209
7575
4373
4232
9006
6922
8999
5067
1470
2232
6425
9929
9986
7394
1684
1151
2988
1121
3836
768
4390
7628
3688
156
8098
3669
6293
5260
9704
730
9866
1092
2709
9969
8021
7703
6444
4469
6950
4006
4767
3999
8489
4723
3290
6532
1392
2298
7246
3519
9785
2143
1026
2422
5994
7465
2500
4069
3373
3898
4079
3074
1557
6237
6057
9395
2952
1458
977
6194
1737
7088
4553
4620
5270
5524
7214
4739
3908
9190
9578
1096
7987
5215
4378
6345
8642
6213
5700
5736
5409
5278
8364
9642
8398
5484
6294
5236
3662
8493
7132
2916
5931
7642
9896
300
6558
4251
1511
1148
8707
8854
1092
4483
2655
8354
4219
4502
1175
1634
5957
5906
3315
9446
7792
2079
5041
5830
2218
9988
4295
9675
5141
228
5685
4775
7727
7413
7934
2689
3740
6068
6153
9435
5378
1813
8376
3224
419
1923
5838
3802
4525
6771
3825
4673
5897
175
9785
7569
1915
7191
4553
9477
4891
6704
1248
4748
5778
410
3105
1565
9031
6270
9356
9202
3029
447
2388
5980
5858
9245
6637
1600
3460
1891
2556
8645
4533
3786
4093
54
3223
8850
1455
357
6337
3343
4936
8935
3173
50
2804
9041
2540
1954
297
788
2012
1911
9681
6329
8009
1680
5368
8408
940
2664
5712
6518
1315
9736
140
592
7756
9344
7626
6923
1764
6873
3205
7748
7845
7695
7814
2265
3200
9011
2932
7791
6074
7649
6140
5483
9815
3154
8360
6842
1787
7972
2777
3425
9613
1426
5685
4281
9950
3006
4914
8333
